os,cpu,gpu,ram,kernel,driver
Arch Linux,AMD Ryzen 7 3700X 8-Core Processor,Radeon RX 5600 OEM/5600 XT / 5700/5700 XT,16406292,5.8.1-arch1-1,4.6 Mesa 20.2.0-devel
86.8319,21,97,50
86.7496,21,97,100104
90.3057,20,4,200158
87.741,20,4,300215
88.9989,20,4,400269
89.0193,20,4,500323
88.9193,20,4,600377
83.1393,19,10,700431
84.6253,19,10,800485
87.0087,19,10,900540
86.9834,19,10,1000594
87.6111,19,10,1100650
89.4534,22,1,1200707
86.2828,22,1,1300753
86.4225,22,1,1400808
86.747,22,1,1500862
86.1939,22,1,1600916
86.2101,21,1,1700970
82.3995,21,1,1801025
88.99,21,1,1901079
88.9261,21,1,2001134
88.5766,21,1,2101189
88.3815,21,1,2201244
93.0752,27,4,2301302
92.6646,27,4,2401357
99.0965,27,4,2501411
96.4957,27,4,2601466
94.2855,27,4,2701520
86.6755,28,6,2801575
87.916,28,6,2901603
89.1056,28,6,3001659
88.4603,28,6,3101714
86.2864,28,6,3201775
107.077,25,98,3301832
105.073,25,98,3401889
94.1892,25,98,3501947
89.5989,25,98,3602004
86.7356,25,98,3702061
81.3714,25,8,3802118
81.206,25,8,3902174
79.3631,25,8,4002232
78.8185,25,8,4102253
80.0715,25,8,4202310
89.4614,24,49,4302366
108.167,24,49,4402423
109.119,24,49,4502479
110.513,24,49,4602539
106.019,24,49,4702597
96.0323,29,10,4802654
95.3306,29,10,4902713
88.3616,29,10,5002770
85.2606,29,10,5102830
84.4979,29,10,5202885
82.0331,25,3,5302941
81.6865,25,3,5402996
84.7167,25,3,5503052
84.1184,25,3,5603096
83.4868,25,3,5703153
82.814,22,8,5803223
82.5795,22,8,5903279
82.6128,22,8,6003335
82.6936,22,8,6103391
84.8053,22,8,6203446
87.7385,22,10,6303470
86.9129,22,10,6403526
85.2833,22,10,6503583
96.1142,22,10,6603639
101.742,22,10,6703694
76.8477,25,17,6803752
82.4867,25,17,6903808
85.3166,25,17,7003865
89.3704,25,17,7103921
93.7948,25,17,7203979
103.488,23,5,7304043
94.6019,23,5,7404105
89.7062,23,5,7504161
86.9041,23,5,7604216
85.904,23,5,7704271
93.6615,21,99,7804328
88.6168,21,99,7904385
86.4671,21,99,8004441
85.3451,21,99,8104540
85.0547,21,99,8204598
75.9676,23,49,8304653
79.1095,23,49,8404709
82.3991,23,49,8504763
82.5264,23,49,8604819
82.422,23,49,8704873
93.6242,20,8,8804932
81.0222,20,8,8904988
85.7258,20,8,9005046
92.7059,20,8,9105103
89.8237,20,8,9205159
77.9241,23,4,9305213
79.8446,23,4,9405271
78.7602,23,4,9505328
80.1059,23,4,9605384
80.3199,23,4,9705441
80.5373,22,4,9805497
82.0395,22,4,9905553
81.6197,22,4,10005609
81.5076,22,4,10105666
81.8631,22,4,10205723
82.1824,22,4,10305779
90.9825,25,16,10405836
88.4882,25,16,10505892
84.2049,25,16,10605943
84.1071,25,16,10705998
83.9398,25,16,10806056
79.8904,21,99,10906112
80.2371,21,99,11006169
80.9945,21,99,11106225
81.5096,21,99,11206282
81.2297,21,99,11306339
80.4783,22,5,11406396
81.6833,22,5,11506452
81.3655,22,5,11606511
82.195,22,5,11706568
82.9294,22,5,11806626
82.8922,22,36,11906682
81.2414,22,36,12006736
81.7115,22,36,12106790
81.2957,22,36,12206846
80.8061,22,36,12306902
90.3587,20,5,12406959
90.4768,20,5,12507015
91.5828,20,5,12607054
90.8741,20,5,12707112
93.5407,20,5,12807172
100.763,24,24,12907232
105.394,24,24,13007325
103.641,24,24,13107382
100.265,24,24,13207432
99.3508,24,24,13307489
92.0592,25,63,13407549
90.7698,25,63,13507607
90.6375,25,63,13607665
90.3964,25,63,13707720
89.8953,25,63,13807752
88.1161,23,7,13907806
92.2456,23,7,14007861
91.6846,23,7,14107915
90.4409,23,7,14207970
90.8582,23,7,14308026
79.7499,23,4,14408080
80.801,23,4,14508139
82.3129,23,4,14608193
85.0147,23,4,14708249
87.0758,23,4,14808264
94.1605,21,33,14908320
95.5688,21,33,15008375
93.584,21,33,15108429
93.1109,21,33,15208484
93.363,21,33,15308539
92.7076,22,5,15408593
91.0486,22,5,15508648
89.9643,22,5,15608702
90.103,22,5,15708758
90.8193,22,5,15808812
86.4887,22,12,15908867
84.9323,22,12,16008921
84.6129,22,12,16108975
84.3348,22,12,16209029
84.614,22,12,16309084
87.7867,22,11,16409139
85.5336,22,11,16509194
85.1126,22,11,16609248
86.6348,22,11,16709302
86.4649,22,11,16809359
84.0289,22,17,16909414
86.479,22,17,17009469
86.5833,22,17,17109525
86.1117,22,17,17209579
86.2167,22,17,17309633
85.0449,21,1,17409650
83.1714,21,1,17509704
83.799,21,1,17609758
82.7084,21,1,17709813
82.8491,21,1,17809869
77.9302,22,1,17909927
81.9014,22,1,18009987
86.7283,22,1,18110044
88.4042,22,1,18210099
87.6308,22,1,18310157
84.5523,22,1,18410236
81.9754,22,1,18510291
84.049,22,1,18610347
86.9787,22,1,18710407
87.2797,22,1,18810464
85.744,21,1,18910521
83.2301,21,1,19010577
84.5464,21,1,19110637
89.4947,21,1,19210696
91.4743,21,1,19310751
91.6055,23,2,19410806
88.4364,23,2,19510860
84.9558,23,2,19610922
86.7022,23,2,19710981
87.6551,23,2,19811039
87.8242,22,24,19911135
103.423,22,24,20011191
95.9228,22,24,20111295
93.6279,22,24,20211351
91.6756,22,24,20311408
90.3575,22,24,20411466
100.762,21,24,20511525
111.893,21,24,20611581
110.975,21,24,20711601
114.606,21,24,20811656
113.193,21,24,20911711
90.1612,25,22,21011767
92.2935,25,22,21111823
92.2522,25,22,21211879
92.2885,25,22,21311934
92.1812,25,22,21411989
104.072,20,9,21512043
100.11,20,9,21612061
98.6819,20,9,21712115
98.5802,20,9,21812170
97.8649,20,9,21912225
94.7521,21,46,22012280
92.008,21,46,22112333
92.2846,21,46,22212387
93.7456,21,46,22312442
94.6577,21,46,22412496
99.7137,18,4,22512550
96.9821,18,4,22612604
96.7316,18,4,22712658
96.0925,18,4,22812714
95.2675,18,4,22912768
97.4795,22,22,23012823
96.5641,22,22,23112876
97.0696,22,22,23212930
96.8523,22,22,23312984
96.4856,22,22,23413041
96.1893,20,18,23513095
95.3204,20,18,23613150
95.8332,20,18,23713204
95.8594,20,18,23813258
95.8144,20,18,23913312
92.1965,21,6,24013367
94.1478,21,6,24113421
91.3729,21,6,24213477
90.0914,21,6,24313537
89.6877,21,6,24413597
90.5961,18,2,24513655
88.0182,18,2,24613678
87.8463,18,2,24713735
88.524,18,2,24813796
88.39,18,2,24913852
87.9333,19,5,25013908
86.2658,19,5,25113965
86.0747,19,5,25214023
86.0919,19,5,25314079
85.7916,19,5,25414135
109.685,22,8,25514191
95.7494,22,8,25614247
91.3432,22,8,25714309
89.7728,22,8,25814336
88.6654,22,8,25914399
85.6073,22,4,26014457
94.704,22,4,26114515
97.5788,22,4,26214577
105.24,22,4,26314594
110.061,22,4,26414693
112.638,23,5,26514748
119.174,23,5,26614803
119.672,23,5,26714858
109.188,23,5,26814917
101.791,23,5,26914933
117.16,23,47,27014991
122.083,23,47,27115048
124.352,23,47,27215105
122.791,23,47,27315161
120.688,23,47,27415219
88.1756,23,9,27515274
81.7508,23,9,27615328
94.7098,23,9,27715383
105.077,23,9,27815438
108.901,23,9,27915492
131.415,24,25,28015546
113.96,24,25,28115601
97.7863,24,25,28215654
91.2257,24,25,28315708
97.9037,24,25,28415747
112.429,22,20,28515802
91.4311,22,20,28615856
81.489,22,20,28715910
79.4074,22,20,28815964
78.6865,22,20,28916020
69.7885,19,12,29016074
68.8042,19,12,29116129
69.0516,19,12,29216404
68.9454,19,12,29316460
68.5987,19,12,29416514
74.7217,18,4,29516568
78.67,18,4,29616622
77.8074,18,4,29716676
75.2608,18,4,29816730
73.9568,18,4,29916785
72.4838,19,10,30016839
71.0739,19,10,30116893
75.664,19,10,30216947
74.5014,19,10,30317001
73.862,19,10,30417055
73.7993,20,3,30517111
73.1407,20,3,30617166
72.4774,20,3,30717221
72.9109,20,3,30817230
75.4085,20,3,30917287
75.3043,18,9,31017343
71.2251,18,9,31117397
70.7453,18,9,31217454
71.3795,18,9,31317511
77.0697,18,9,31417567
77.2082,18,9,31517623
80.1044,19,5,31617677
92.7195,19,5,31717731
100.864,19,5,31817791
104.257,19,5,31917845
107.065,19,5,32017901
89.2877,22,13,32117955
83.7793,22,13,32218009
94.2846,22,13,32318063
100.404,22,13,32418117
103.221,22,13,32518172
118.718,20,11,32618226
116.87,20,11,32718263
102.727,20,11,32818318
102.674,20,11,32918375
104.234,20,11,33018431
112.42,22,99,33118485
115.031,22,99,33218539
113.813,22,99,33318594
103.345,22,99,33418651
98.7549,22,99,33518707
79.446,22,99,33618768
78.1996,22,99,33718822
80.4844,22,99,33818876
79.7834,22,99,33918932
79.8412,22,99,34018987
79.1818,20,11,34119041
82.5209,20,11,34219097
86.0012,20,11,34319152
92.7523,20,11,34419209
93.7235,20,11,34519264
105.129,23,8,34619318
99.7379,23,8,34719372
94.7204,23,8,34819427
93.7363,23,8,34919483
92.17,23,8,35019537
91.1506,20,99,35119595
101.737,20,99,35219653
105.062,20,99,35319709
104.305,20,99,35419764
100.393,20,99,35519819
117.038,21,22,35619875
119.915,21,22,35719932
120.225,21,22,35819990
120.478,21,22,35920047
120.575,21,22,36020103
91.7501,23,21,36120158
95.1107,23,21,36220214
101.975,23,21,36320271
106.968,23,21,36420328
109.893,23,21,36520385
121.429,24,99,36620427
121.344,24,99,36720482
112.269,24,99,36820537
111.259,24,99,36920593
113.231,24,99,37020648
120.416,21,21,37120704
121.157,21,21,37220759
121.21,21,21,37320815
119.522,21,21,37420870
111.722,21,21,37520929
115.996,22,22,37620986
119.867,22,22,37721042
120.212,22,22,37821100
120.741,22,22,37921155
120.213,22,22,38021211
95.9463,23,12,38121265
95.9627,23,12,38221321
101.311,23,12,38321378
104.806,23,12,38421434
106.64,23,12,38521493
114.712,21,8,38621550
106.815,21,8,38721601
99.1965,21,8,38821658
95.5897,21,8,38921714
93.9649,21,8,39021770
89.7062,19,99,39121826
88.3378,19,99,39221882
97.2595,19,99,39321936
97.7893,19,99,39421991
94.5153,19,99,39522045
81.473,24,18,39622100
86.9588,24,18,39722156
89.3521,24,18,39822211
90.1904,24,18,39922266
90.6303,24,18,40022322
87.8657,23,29,40122338
89.2443,23,29,40222392
95.8368,23,29,40322446
95.3574,23,29,40422501
95.2772,23,29,40522555
94.5407,21,11,40622610
89.8356,21,11,40722665
89.4063,21,11,40822720
89.6715,21,11,40922775
88.5803,21,11,41022830
89.8505,19,98,41122887
90.6664,19,98,41222944
86.9691,19,98,41322999
85.6664,19,98,41423054
90.7506,19,98,41523110
92.7556,21,5,41623166
71.8383,21,5,41723220
73.2509,21,5,41823278
74.2887,21,5,41923335
75.6903,21,5,42023393
76.5487,21,5,42123451
87.3754,18,62,42223507
82.6664,18,62,42323563
74.8704,18,62,42423620
71.6367,18,62,42523676
69.0407,18,62,42623731
61.1105,21,19,42723786
60.1823,21,19,42823842
60.2944,21,19,42923897
60.334,21,19,43023952
60.0471,21,19,43124008
58.0518,19,1,43224063
58.9498,19,1,43324118
60.0137,19,1,43424173
59.9055,19,1,43524227
59.6029,19,1,43624282
61.1126,20,92,43724336
59.4898,20,92,43824395
59.8489,20,92,43924450
60.1435,20,92,44024505
60.0831,20,92,44124562
63.1732,21,0,44224617
60.8365,21,0,44324673
60.236,21,0,44424729
60.2362,21,0,44524788
60.256,21,0,44624844
61.3234,21,98,44724899
60.2736,21,98,44824926
60.1369,21,98,44924982
59.9991,21,98,45025037
59.7817,21,98,45125092
61.5347,22,0,45225147
60.1612,22,0,45325202
60.276,22,0,45425258
60.2756,22,0,45525313
60.1802,22,0,45625367
54.4099,22,15,45725402
60.2259,22,15,45825455
59.9363,22,15,45925510
60.0011,22,15,46025565
59.9789,22,15,46125621
59.8738,20,0,46225675
59.8295,20,0,46325730
60.2346,20,0,46425784
60.0966,20,0,46525839
60.2286,20,0,46625894
60.1816,20,0,46725948
60.5063,21,0,46826003
60.2878,21,0,46926061
59.8337,21,0,47026115
60.0203,21,0,47126169
59.9693,21,0,47226209
60.0889,22,0,47326264
59.794,22,0,47426320
59.7872,22,0,47526375
59.9483,22,0,47626431
60.0285,22,0,47726486
60.793,20,0,47826540
60.1898,20,0,47926595
59.8854,20,0,48026650
60.077,20,0,48126704
59.8216,20,0,48226758
60.633,21,10,48326812
59.5904,21,10,48426866
59.3688,21,10,48526921
59.833,21,10,48626976
59.8627,21,10,48727031
59.2803,20,0,48827085
59.9318,20,0,48927140
60.3277,20,0,49027193
59.7582,20,0,49127249
60.1132,20,0,49227305
56.494,21,0,49327360
59.8884,21,0,49427415
59.48,21,0,49527471
59.6494,21,0,49627525
59.7083,21,0,49727579
63.6821,22,0,49827635
60.0492,22,0,49927689
60.5254,22,0,50027743
59.9988,22,0,50127797
60.0479,22,0,50227852
60.0662,21,20,50327907
60.6079,21,20,50427963
60.1371,21,20,50528018
60.1395,21,20,50628072
60.1965,21,20,50728108
59.9109,22,1,50828164
60.6477,22,1,50928221
60.73,22,1,51028265
59.9309,22,1,51128321
60.1704,22,1,51228379
60.1227,22,1,51328438
60.4106,21,0,51428492
60.1122,21,0,51528546
60.2751,21,0,51628601
60.0864,21,0,51728655
60.0878,21,0,51828708
61.2085,22,0,51928763
59.4787,22,0,52028819
59.6031,22,0,52128875
59.9236,22,0,52228932
59.8817,22,0,52328988
58.2844,21,7,52429043
59.5532,21,7,52529099
59.7613,21,7,52629154
59.6655,21,7,52729209
60.1014,21,7,52829268
57.0863,21,4,52929325
60.3217,21,4,53029382
59.8642,21,4,53129439
59.8917,21,4,53229496
59.9109,21,4,53329553
59.6789,20,8,53429610
59.784,20,8,53529631
60.5117,20,8,53629686
60.1452,20,8,53729741
60.2567,20,8,53829796
60.8779,21,9,53929853
60.4213,21,9,54029908
60.5897,21,9,54129965
60.1103,21,9,54230023
60.1683,21,9,54330083
56.946,20,7,54430140
59.5695,20,7,54530199
59.8482,20,7,54630255
60.0256,20,7,54730315
59.9776,20,7,54830371
58.7803,20,12,54930429
59.9907,20,12,55030489
60.1969,20,12,55130546
59.954,20,12,55230606
59.9573,20,12,55330663
61.6827,19,8,55430720
60.4908,19,8,55530777
59.55,19,8,55630835
59.8235,19,8,55730893
59.8959,19,8,55830949
60.1075,21,32,55931003
59.8599,21,32,56031058
59.633,21,32,56131112
59.9046,21,32,56231167
59.621,21,32,56331221
59.8714,21,15,56431276
60.515,21,15,56531330
59.6617,21,15,56631386
59.7808,21,15,56731441
60.3021,21,15,56831496
60.1134,21,15,56931553
58.6923,21,4,57031598
60.2228,21,4,57131658
59.8183,21,4,57231721
59.8767,21,4,57331781
59.9313,21,4,57431839
61.3331,21,12,57531897
60.6114,21,12,57631955
60.0456,21,12,57732010
60.0971,21,12,57832065
60.1262,21,12,57932120
58.9449,21,12,58032177
59.7261,21,12,58132233
59.5052,21,12,58232290
59.8488,21,12,58332347
59.9558,21,12,58432403
55.4162,20,19,58532797
59.7022,20,19,58632852
59.7412,20,19,58732907
59.6064,20,19,58832966
59.6735,20,19,58933024
60.4988,20,74,59033379
60.1449,20,74,59133437
60.0166,20,74,59233494
59.884,20,74,59333553
60.0141,20,74,59433612
60.173,21,7,59533672
60.4314,21,7,59633731
59.9125,21,7,59733790
60.2481,21,7,59833846
59.9861,21,7,59933905
60.2494,23,11,60033963
60.2567,23,11,60134019
59.8403,23,11,60234077
60.0431,23,11,60334135
59.9544,23,11,60434192
61.1658,20,19,60534248
59.9489,20,19,60634305
59.8403,20,19,60734363
59.7332,20,19,60834419
59.8986,20,19,60934476
60.3774,22,7,61034533
60.3014,22,7,61134589
60.1478,22,7,61234646
59.9163,22,7,61334702
59.9095,22,7,61434759
61.4477,22,5,61534818
60.745,22,5,61634874
60.1685,22,5,61734929
60.0418,22,5,61834986
60.2124,22,5,61935044
59.6303,20,9,62035100
59.6577,20,9,62135158
59.9305,20,9,62235215
60.0166,20,9,62335272
60.097,20,9,62435329
62.4493,20,14,62535385
60.8241,20,14,62635442
60.0978,20,14,62735498
60.3433,20,14,62835555
59.9087,20,14,62935613
59.9723,20,5,63035667
59.5049,20,5,63135672
60.0986,20,5,63235726
59.9077,20,5,63335781
59.9161,20,5,63435835
60.0596,20,5,63535889
61.7932,21,0,63635943
60.5041,21,0,63735997
60.4079,21,0,63836053
60.1704,21,0,63936107
60.1637,21,0,64036162
59.6748,19,15,64136216
59.4304,19,15,64236273
60.0664,19,15,64336327
59.7633,19,15,64436380
59.7978,19,15,64536396
61.1574,20,0,64636450
60.1417,20,0,64736505
60.1124,20,0,64836559
59.7372,20,0,64936614
60.1518,20,0,65036668
61.1546,23,9,65136706
60.0705,23,9,65236760
60.0394,23,9,65336815
59.8703,23,9,65436869
60.0742,23,9,65536925
63.2251,22,6,65636980
60.6769,22,6,65737034
59.9857,22,6,65837089
60.2127,22,6,65937191
60.33,22,6,66037245
59.755,21,11,66137301
59.579,21,11,66237360
59.7632,21,11,66337414
59.7317,21,11,66437469
59.8345,21,11,66537491
53.087,23,7,66637545
59.7866,23,7,66737599
59.9111,23,7,66837652
59.6863,23,7,66937706
59.8019,23,7,67037760
54.18,20,59,67137814
59.5026,20,59,67237868
59.7775,20,59,67337922
59.7793,20,59,67437976
59.798,20,59,67538031
60.0228,20,40,67638084
59.0365,20,40,67738139
59.2774,20,40,67838192
59.6985,20,40,67938248
59.8537,20,40,68038259
59.6736,21,53,68138313
60.27,21,53,68238368
60.3558,21,53,68338403
60.408,21,53,68438457
60.1718,21,53,68538513
60.1477,21,53,68638568
61.9341,21,14,68738623
60.5987,21,14,68838677
60.1059,21,14,68938732
60.0803,21,14,69038787
60.0964,21,14,69138844
57.8528,22,37,69238899
59.066,22,37,69338955
59.7912,22,37,69439011
59.8659,22,37,69539065
59.8164,22,37,69639121
58.6941,23,67,69739178
59.6904,23,67,69839233
59.9747,23,67,69939288
59.8877,23,67,70039342
59.936,23,67,70139397
58.5172,21,97,70239453
60.1383,21,97,70339511
59.8442,21,97,70439568
59.5537,21,97,70539624
59.7971,21,97,70639682
59.8862,22,94,70739738
60.2164,22,94,70839794
60.1147,22,94,70939851
60.0975,22,94,71039905
59.859,22,94,71139960
59.5026,20,59,71240018
59.1537,20,59,71340074
59.7869,20,59,71440131
60.1187,20,59,71540188
60.0477,20,59,71640243
62.4077,21,57,71740298
60.7915,21,57,71840353
60.3442,21,57,71940380
60.2804,21,57,72040436
60.0128,21,57,72140495
57.1951,21,41,72240552
60.3386,21,41,72340656
60.1682,21,41,72440715
60.3426,21,41,72540769
60.1654,21,41,72640824
60.0237,22,10,72740879
59.8647,22,10,72840936
59.9922,22,10,72940993
60.2396,22,10,73041049
60.1472,22,10,73141104
60.1132,21,15,73241159
59.0326,21,15,73341214
59.891,21,15,73441268
60.0104,21,15,73541323
60.0119,21,15,73641377
59.9158,21,61,73741433
60.6722,21,61,73841491
60.0165,21,61,73941547
59.8607,21,61,74041596
59.8508,21,61,74141652
60.1112,21,61,74241709
58.9449,22,83,74341765
59.7466,22,83,74441820
59.4358,22,83,74541875
59.8148,22,83,74641929
59.8915,22,83,74741984
58.9553,20,68,74842040
60.1912,20,68,74942096
59.6468,20,68,75042153
59.8077,20,68,75142210
59.8244,20,68,75242265
61.8093,21,34,75342320
60.0712,21,34,75442375
60.3372,21,34,75542393
60.0648,21,34,75642451
60.2308,21,34,75742506
60.0682,22,27,75842561
58.9936,22,27,75942619
59.5265,22,27,76042677
59.762,22,27,76142732
59.7019,22,27,76242788
61.6342,22,69,76342844
60.4029,22,69,76442899
60.2943,22,69,76542956
59.9614,22,69,76643012
60.1925,22,69,76743070
60.7484,22,39,76843124
60.9302,22,39,76943180
60.1043,22,39,77043235
59.9544,22,39,77143290
60.2244,22,39,77243346
63.1685,23,35,77343401
60.6763,23,35,77443456
59.8946,23,35,77543512
60.1091,23,35,77643568
60.1703,23,35,77743625
60.1703,21,89,77843681
59.7171,21,89,77943738
60.3586,21,89,78043794
60.0253,21,89,78143850
60.113,21,89,78243906
56.4239,21,26,78343961
60.0358,21,26,78444018
59.9214,21,26,78544074
59.8542,21,26,78644130
59.8445,21,26,78744166
60.0542,21,45,78844221
59.1034,21,45,78944277
59.7925,21,45,79044337
59.6963,21,45,79144393
59.9197,21,45,79244429
59.8173,22,67,79344439
60.8137,22,67,79444493
60.2979,22,67,79544547
60.1908,22,67,79644601
59.9808,22,67,79744657
59.8774,22,92,79844711
60.7897,22,92,79944767
60.4692,22,92,80044823
60.1747,22,92,80144877
60.0577,22,92,80244932
60.1839,22,92,80344988
59.0849,23,25,80445045
59.4797,23,25,80545105
59.6925,23,25,80645162
60.0126,23,25,80745219
59.8846,23,25,80845276
61.1008,20,34,80945330
59.8047,20,34,81045388
60.3648,20,34,81145443
60.0899,20,34,81245498
60.3242,20,34,81345555
59.9457,21,24,81445610
60.0366,21,24,81545666
59.9747,21,24,81645721
60.1241,21,24,81745778
60.1562,21,24,81845833
58.1858,21,24,81945887
59.7995,21,24,82045942
59.9494,21,24,82145999
59.4133,21,24,82246053
59.8186,21,24,82346107
60.5205,21,55,82446162
59.9792,21,55,82546217
60.1813,21,55,82646272
59.6467,21,55,82746327
59.7332,21,55,82846381
58.5938,22,71,82946408
60.1066,22,71,83046484
60.3486,22,71,83146539
60.233,22,71,83246594
59.9845,22,71,83346647
56.8392,23,36,83446702
59.3146,23,36,83546727
59.7239,23,36,83646781
59.9303,23,36,83746835
59.8516,23,36,83846889
58.9779,22,53,83946944
59.944,22,53,84046998
60.3716,22,53,84147053
60.0795,22,53,84247108
60.3538,22,53,84347163
59.7657,22,18,84447218
59.6557,22,18,84547273
59.6336,22,18,84647330
59.6265,22,18,84747384
59.9658,22,18,84847440
59.8159,22,76,84947494
59.961,22,76,85047516
60.6281,22,76,85147572
59.8679,22,76,85247628
60.0395,22,76,85347683
60.1591,22,76,85447740
59.7414,22,76,85547797
59.8591,22,76,85647854
60.31,22,76,85747911
60.0062,22,76,85847969
59.8208,22,76,85948025
61.2745,23,19,86048080
59.5399,23,19,86148135
59.7716,23,19,86248194
60.0499,23,19,86348206
60.0511,23,19,86448258
58.8694,22,44,86548313
59.6132,22,44,86648372
59.3904,22,44,86748427
60.1124,22,44,86848482
59.895,22,44,86948537
59.4513,23,54,87048592
59.7832,23,54,87148649
59.7407,23,54,87248733
59.9003,23,54,87348792
59.984,23,54,87448851
58.0338,22,43,87548909
60.0424,22,43,87648965
59.7555,22,43,87749022
59.8122,22,43,87849080
59.6119,22,43,87949136
61.3309,22,65,88049192
60.662,22,65,88149247
60.2342,22,65,88249303
60.1492,22,65,88349362
60.1893,22,65,88449419
60.8569,22,38,88549474
59.9668,22,38,88649530
60.2899,22,38,88749587
59.983,22,38,88849643
60.0595,22,38,88949697
61.7144,23,42,89049752
60.653,23,42,89149806
60.5667,23,42,89249860
60.0637,23,42,89349915
60.0101,23,42,89449969
61.6497,21,26,89550023
61.048,21,26,89650077
60.6247,21,26,89750123
60.1254,21,26,89850178
60.002,21,26,89950232
60.8458,21,77,90050286
59.3516,21,77,90150344
59.7604,21,77,90250399
59.7266,21,77,90350453
59.7649,21,77,90450514
60.5199,20,64,90550570
60.6382,20,64,90650627
59.8726,20,64,90750685
60.2326,20,64,90850739
59.9717,20,64,90950794
61.3196,22,27,91050849
60.0889,22,27,91150905
60.0157,22,27,91250960
59.8538,22,27,91351014
59.8887,22,27,91451068
59.8848,21,55,91551123
60.0384,21,55,91651177
60.0793,21,55,91751232
60.3419,21,55,91851286
60.237,21,55,91951340
59.9914,22,34,92051395
60.4017,22,34,92151449
59.8402,22,34,92251503
60.2946,22,34,92351556
60.2301,22,34,92451592
59.9528,22,30,92551648
61.5568,22,30,92651688
60.5657,22,30,92751744
60.0643,22,30,92851799
60.2138,22,30,92951854
60.0706,22,30,93051910
60.8687,21,22,93151971
60.3938,21,22,93252028
60.4137,21,22,93352085
60.0043,21,22,93452192
60.0148,21,22,93552296
61.8879,21,41,93652352
60.3136,21,41,93752409
60.0889,21,41,93852466
60.0365,21,41,93952521
59.9193,21,41,94052575
56.7312,23,57,94152630
58.8278,23,57,94252685
59.6984,23,57,94352739
60.1373,23,57,94452795
59.8614,23,57,94552849
58.6935,22,43,94652904
60.1878,22,43,94752958
60.1982,22,43,94853013
60.2685,22,43,94953066
60.0502,22,43,95053120
57.8938,21,24,95153174
59.488,21,24,95253229
59.4689,21,24,95353283
59.8419,21,24,95453338
60.0133,21,24,95553392
59.7496,21,53,95653449
60.2736,21,53,95753504
60.1912,21,53,95853559
60.141,21,53,95953660
59.9221,21,53,96053715
59.1751,22,54,96153817
59.9721,22,54,96253873
59.9941,22,54,96353930
59.7088,22,54,96454037
59.7123,22,54,96554094
62.9485,23,43,96654151
60.2742,23,43,96754207
60.0467,23,43,96854264
60.1332,23,43,96954319
60.0567,23,43,97054376
60.1675,22,40,97154433
59.9646,22,40,97254488
59.5735,22,40,97354589
60.0629,22,40,97454646
59.8983,22,40,97554702
59.9976,21,75,97654712
60.0685,21,75,97754767
59.5321,21,75,97854823
59.5159,21,75,97954878
59.6936,21,75,98054926
59.8661,23,85,98154983
60.5993,23,85,98255040
59.8471,23,85,98355096
60.1178,23,85,98455153
60.1611,23,85,98555210
59.98,22,21,98655267
60.781,22,21,98755321
60.2691,22,21,98855336
59.8563,22,21,98955391
59.9353,22,21,99055446
60.1318,22,21,99155505
59.7065,21,52,99255560
59.5809,21,52,99355615
60.0885,21,52,99455670
60.0911,21,52,99555724
59.8333,21,52,99655779
59.4806,22,34,99755833
60.2073,22,34,99855887
60.1625,22,34,99955943
59.8787,22,34,100056002
60.0342,22,34,100156057
60.937,23,23,100256113
59.9096,23,23,100356169
60.398,23,23,100456227
60.0442,23,23,100556283
60.0802,23,23,100656339
60.4549,21,21,100756394
60.217,21,21,100856450
59.979,21,21,100956487
60.3189,21,21,101056543
60.1446,21,21,101156597
60.1431,23,43,101256653
60.6675,23,43,101356710
60.4634,23,43,101456765
60.2075,23,43,101556820
60.248,23,43,101656876
60.4833,24,20,101756931
59.2312,24,20,101856987
60.1325,24,20,101957042
59.9728,24,20,102057096
59.6112,24,20,102157152
61.3648,23,88,102257207
60.562,23,88,102357264
60.7151,23,88,102457319
60.1521,23,88,102557379
60.4294,23,88,102657434
59.5924,23,38,102757488
59.9992,23,38,102857542
59.3935,23,38,102957599
59.4324,23,38,103057658
59.9789,23,38,103157715
59.9724,24,74,103257778
59.6516,24,74,103357836
59.9607,24,74,103457894
59.982,24,74,103557950
60.1082,24,74,103658005
59.2786,22,40,103758061
59.7555,22,40,103858117
59.86,22,40,103958178
59.9235,22,40,104058234
60.0415,22,40,104158257
61.8162,22,83,104258312
60.524,22,83,104358367
60.1832,22,83,104458421
60.064,22,83,104558476
60.1362,22,83,104658531
62.1697,22,72,104758585
60.2037,22,72,104858640
60.0548,22,72,104958695
59.8935,22,72,105058715
60.1061,22,72,105158770
55.8441,22,43,105258824
60.4172,22,43,105358879
59.6774,22,43,105458935
60.0735,22,43,105558992
60.1657,22,43,105659046
60.0929,22,66,105759101
60.0546,22,66,105859157
59.5147,22,66,105959212
59.6528,22,66,106059268
59.7636,22,66,106159322
59.835,21,93,106259377
59.9814,21,93,106359432
59.9359,21,93,106459486
60.2809,21,93,106559541
59.9802,21,93,106659595
59.9014,24,37,106759649
60.9168,24,37,106859763
60.745,24,37,106959818
60.3907,24,37,107059872
60.2298,24,37,107159926
60.2749,24,37,107259980
58.8637,21,20,107360036
60.0784,21,20,107460092
59.8143,21,20,107560149
60.0663,21,20,107660205
60.0496,21,20,107760262
58.8356,21,75,107860318
59.9219,21,75,107960376
59.7173,21,75,108060432
59.7738,21,75,108160489
60.0397,21,75,108260544
58.8928,23,86,108360599
60.0192,23,86,108460654
59.9981,23,86,108560709
59.871,23,86,108660763
59.8632,23,86,108760817
61.1384,23,92,108860844
60.1484,23,92,108960898
60.1393,23,92,109060925
60.1338,23,92,109160979
59.9711,23,92,109261035
62.0578,21,15,109361089
60.0614,21,15,109461143
60.5691,21,15,109561160
60.4213,21,15,109661214
60.3131,21,15,109761270
64.855,22,48,109861324
61.389,22,48,109961381
60.6943,22,48,110061436
60.407,22,48,110161491
60.2752,22,48,110261547
60.1448,24,5,110361589
59.9245,24,5,110461643
60.2891,24,5,110561699
60.1632,24,5,110661753
60.0291,24,5,110761808
59.8254,22,3,110861862
60.2216,22,3,110961916
60.3634,22,3,111061969
60.2989,22,3,111162024
60.1412,22,3,111262070
60.0755,22,3,111362127
60.9028,22,39,111462185
60.958,22,39,111562242
60.4913,22,39,111662299
60.2542,22,39,111762357
60.2645,22,39,111862413
60.6879,22,23,111962471
59.4523,22,23,112062531
59.5593,22,23,112162588
59.6482,22,23,112262644
60.0456,22,23,112362700
63.4961,23,3,112462757
61.187,23,3,112562800
60.1525,23,3,112662858
58.1363,23,3,112762915
59.6623,23,3,112862972
60.0192,24,2,112963029
59.2889,24,2,113063084
59.586,24,2,113163139
59.5561,24,2,113263195
59.9518,24,2,113363251
60.9187,25,3,113463263
60.6195,25,3,113563319
60.2739,25,3,113663375
60.4839,25,3,113763431
60.5292,25,3,113863486
55.1602,24,22,113963543
58.8071,24,22,114063600
59.3555,24,22,114163655
59.5463,24,22,114263710
59.8368,24,22,114363766
62.3383,23,5,114463821
59.6855,23,5,114563840
60.228,23,5,114663894
60.0545,23,5,114763949
60.129,23,5,114864005
65.8848,23,17,114964063
59.6151,23,17,115064120
60.8122,23,17,115164177
60.1687,23,17,115264233
59.9587,23,17,115364291
60.1132,24,6,115464348
59.7372,24,6,115564405
60.0225,24,6,115664462
60.2946,24,6,115764519
60.2304,24,6,115864578
59.8719,24,11,115964636
60.3245,24,11,116064693
60.4616,24,11,116164748
60.3652,24,11,116264803
60.4402,24,11,116364861
60.2821,24,11,116464927
59.9866,24,3,116564985
60.6074,24,3,116665042
59.8606,24,3,116765099
60.3307,24,3,116865156
60.3456,24,3,116965214
59.9628,23,58,117065271
59.8817,23,58,117165327
60.2827,23,58,117265382
59.9287,23,58,117365440
59.6331,23,58,117465495
105.295,25,0,117565559
106.508,25,0,117665615
107.004,25,0,117765672
106.201,25,0,117865728
103.028,25,0,117965786
111.95,29,57,118065848
112.082,29,57,118165903
111.493,29,57,118266006
111.702,29,57,118366063
111.468,29,57,118466118
95.5676,30,46,118566173
93.6148,30,46,118666229
93.8571,30,46,118766284
98.4393,30,46,118866339
101.375,30,46,118966395
112.581,27,6,119066452
114.549,27,6,119166507
107.624,27,6,119266565
107.867,27,6,119366625
108.784,27,6,119466726
110.405,27,17,119566782
111.959,27,17,119666838
114.652,27,17,119766893
114.023,27,17,119866948
113.326,27,17,119967003
105.394,28,99,120067058
105.526,28,99,120167113
105.526,28,99,120267168
104.528,28,99,120367223
104.342,28,99,120467279
102.662,23,17,120567335
104.404,23,17,120667390
104.448,23,17,120767445
105.438,23,17,120867500
107.674,23,17,120967556
114.255,26,12,121067610
116.81,26,12,121167666
115.772,26,12,121267721
114.071,26,12,121367776
113.909,26,12,121467818
114.416,29,99,121567876
115.878,29,99,121667936
109.278,29,99,121767994
107.265,29,99,121868051
109.173,29,99,121968110
113.516,28,11,122068166
113.434,28,11,122168221
112.081,28,11,122268255
110.542,28,11,122368310
107.582,28,11,122468366
115.761,30,37,122568422
111.837,30,37,122668477
110.624,30,37,122768531
111.023,30,37,122868586
109.73,30,37,122968641
87.2448,30,49,123068696
96.1471,30,49,123168751
101.774,30,49,123268807
102.775,30,49,123368862
103.648,30,49,123468917
93.0752,30,3,123568972
93.6409,30,3,123669028
90.7519,30,3,123769083
86.1019,30,3,123869139
84.5002,30,3,123969200
104.341,27,17,124069260
108.608,27,17,124169319
105.99,27,17,124269378
105.287,27,17,124369435
99.1912,27,17,124469490
109.146,25,17,124569547
116.803,25,17,124669603
102.516,25,17,124769660
104.736,25,17,124869717
105.457,25,17,124969776
104.644,25,22,125069802
105.248,25,22,125169859
105.097,25,22,125269914
104.487,25,22,125369969
103.535,25,22,125470027
103.384,26,6,125570082
92.7023,26,6,125670138
92.1848,26,6,125770183
91.3461,26,6,125870238
91.4576,26,6,125970294
90.7447,26,6,126070350
90.8038,24,9,126170405
92.4157,24,9,126270460
92.7144,24,9,126370515
94.68,24,9,126470569
95.643,24,9,126570624
97.9325,25,5,126670679
98.3635,25,5,126770734
99.565,25,5,126870789
101.566,25,5,126970830
100.707,25,5,127070887
95.2188,26,3,127170942
95.3885,26,3,127270998
93.67,26,3,127371053
94.0235,26,3,127471108
96.6239,26,3,127571163
103.732,30,5,127671218
95.4708,30,5,127771275
91.9992,30,5,127871316
89.2016,30,5,127971372
88.8515,30,5,128071427
105.031,28,29,128171483
105.09,28,29,128271538
100.558,28,29,128371587
96.5888,28,29,128471648
95.361,28,29,128571704
92.6097,26,12,128671761
91.3664,26,12,128771819
91.3365,26,12,128871883
92.2407,26,12,128971941
91.3776,26,12,129071998
87.4827,28,31,129172055
90.1562,28,31,129272112
89.0251,28,31,129372171
89.5496,28,31,129472229
90.0403,28,31,129572286
90.2867,27,15,129672343
92.0127,27,15,129772400
93.586,27,15,129872457
93.5019,27,15,129972517
92.4769,27,15,130072574
90.1632,26,15,130172602
87.4438,26,15,130272662
88.7301,26,15,130372720
88.5269,26,15,130472778
88.6321,26,15,130572835
88.6328,26,9,130672890
87.6353,26,9,130772947
88.2917,26,9,130873002
89.5651,26,9,130973059
89.0633,26,9,131073116
105.719,26,10,131173171
108.81,26,10,131273209
109.453,26,10,131373263
109.24,26,10,131473318
110.106,26,10,131573372
108.472,27,5,131673427
94.8912,27,5,131773481
98.8268,27,5,131873538
102.689,27,5,131973593
104.3,27,5,132073650
100.5,28,5,132173705
100.689,28,5,132273761
102.647,28,5,132373816
105.52,28,5,132473871
106.591,28,5,132573927
112.217,27,3,132673983
107.731,27,3,132774038
103.376,27,3,132874093
102.734,27,3,132974149
104.328,27,3,133074204
96.1354,30,34,133174259
97.8202,30,34,133274314
102.376,30,34,133374369
103.98,30,34,133474424
101.937,30,34,133574478
107.706,29,20,133674534
103.786,29,20,133774589
107.7,29,20,133874645
109.035,29,20,133974700
109.319,29,20,134074756
93.5366,30,13,134174811
111.642,30,13,134274869
112.46,30,13,134374921
112.443,30,13,134474976
112.45,30,13,134575031
104.406,31,24,134675087
110.162,31,24,134775142
111.625,31,24,134875199
111.457,31,24,134975254
110.681,31,24,135075309
110.101,27,11,135175364
106.388,27,11,135275410
108.2,27,11,135375465
108.635,27,11,135475520
108.431,27,11,135575574
108.214,27,11,135675629
107.623,29,10,135775686
106.147,29,10,135875742
108.397,29,10,135975797
109.023,29,10,136075854
108.506,29,10,136175908
89.6103,27,24,136275962
88.5166,27,24,136376017
87.8914,27,24,136476072
88.7244,27,24,136576127
89.6054,27,24,136676181
92.8862,23,9,136776236
93.7688,23,9,136876290
94.4802,23,9,136976344
97.6996,23,9,137076398
99.144,23,9,137176453
103.713,26,2,137276508
104.745,26,2,137376572
104.239,26,2,137476631
104.366,26,2,137576688
102.258,26,2,137676748
87.6104,23,99,137776805
90.2476,23,99,137876862
90.4414,23,99,137976918
90.5185,23,99,138076973
90.5992,23,99,138177028
91.7628,21,5,138277081
89.8876,21,5,138377135
89.7126,21,5,138477190
88.9908,21,5,138577245
89.2804,21,5,138677300
88.7876,21,5,138777355
89.8882,21,5,138877410
90.1013,21,5,138977466
89.5528,21,5,139077522
89.4111,21,5,139177577
89.9103,21,3,139277634
89.6241,21,3,139377689
89.4009,21,3,139477744
89.1842,21,3,139577800
89.1638,21,3,139677855
86.9172,22,3,139777909
87.9458,22,3,139877965
87.5253,22,3,139978020
88.0985,22,3,140078075
88.3451,22,3,140178131
84.5201,20,15,140278186
84.9576,20,15,140378241
84.9717,20,15,140478252
86.2919,20,15,140578307
86.8189,20,15,140678362
87.6783,20,5,140778417
87.9288,20,5,140878474
87.2967,20,5,140978529
86.4711,20,5,141078583
87.0181,20,5,141178638
82.3791,19,48,141278692
82.9794,19,48,141378747
84.0434,19,48,141478802
80.5537,19,48,141578857
82.7194,19,48,141678912
91.9879,19,3,141778967
91.0692,19,3,141879023
89.9616,19,3,141979078
91.0506,19,3,142079132
91.4373,19,3,142179188
95.7304,19,97,142279244
94.5372,19,97,142379304
93.427,19,97,142479359
94.1405,19,97,142579414
94.4146,19,97,142679471
93.1142,22,7,142779531
91.5469,22,7,142879589
90.9721,22,7,142979646
90.5816,22,7,143079706
90.3985,22,7,143179763
86.0215,22,46,143279821
86.0578,22,46,143379880
84.6537,22,46,143479982
83.0103,22,46,143580037
84.9457,22,46,143680094
91.1079,20,3,143780197
90.3342,20,3,143880284
90.0999,20,3,143980341
89.8781,20,3,144080399
90.6259,20,3,144180458
93.6944,22,5,144280514
92.773,22,5,144380523
92.4687,22,5,144480580
92.4105,22,5,144580637
91.7759,22,5,144680698
90.6856,21,10,144780756
93.2079,21,10,144880814
93.5739,21,10,144980871
91.8439,21,10,145080928
92.0847,21,10,145180986
92.0849,21,10,145281087
92.7778,23,9,145381142
92.9906,23,9,145481196
92.8333,23,9,145581252
92.5084,23,9,145681307
92.1833,23,9,145781363
95.7682,21,7,145881419
102.927,21,7,145981475
106.322,21,7,146081529
107.858,21,7,146181589
108.655,21,7,146281647
104.041,25,13,146381701
107.27,25,13,146481708
108.725,25,13,146581763
108.458,25,13,146681864
108.619,25,13,146781918
110.011,25,93,146881973
109.385,25,93,146982027
108.324,25,93,147082084
108.817,25,93,147182140
109.319,25,93,147282195
112.41,25,30,147382208
113.168,25,30,147482272
112.79,25,30,147582333
112.779,25,30,147682392
112.641,25,30,147782430
109.932,22,92,147882531
111.716,22,92,147982585
112.475,22,92,148082639
112.496,22,92,148182695
111.471,22,92,148282753
107.765,25,26,148382816
107.699,25,26,148482872
109.209,25,26,148582929
108.924,25,26,148682984
109.134,25,26,148783040
110.205,24,87,148883094
112.916,24,87,148983151
110.919,24,87,149083208
109.129,24,87,149183263
110.2,24,87,149283324
113.587,21,19,149383335
113.617,21,19,149483389
113.188,21,19,149583443
112.866,21,19,149683502
112.727,21,19,149783558
105.876,20,30,149883654
111.989,20,30,149983709
112.188,20,30,150083766
112.66,20,30,150183820
112.876,20,30,150283875
112.514,19,39,150383935
111.952,19,39,150484001
112.691,19,39,150584058
112.73,19,39,150684114
112.806,19,39,150784169
109.824,22,25,150884224
108.238,22,25,150984279
110.003,22,25,151084337
111.024,22,25,151184392
111.339,22,25,151284448
103.997,21,24,151384505
108.99,21,24,151484562
108.75,21,24,151584619
108.536,21,24,151684674
108.248,21,24,151784730
101.01,23,10,151884786
108.17,23,10,151984796
108.371,23,10,152084853
109.109,23,10,152184915
105.49,23,10,152284975
85.4591,24,33,152385037
84.5566,24,33,152485094
83.2335,24,33,152585151
84.019,24,33,152685210
83.948,24,33,152785267
85.4555,20,5,152885323
87.4791,20,5,152985379
86.9963,20,5,153085436
86.2934,20,5,153185492
85.2426,20,5,153285552
86.5127,20,1,153385610
94.9291,20,1,153485667
100.039,20,1,153585724
100.6,20,1,153685782
98.6571,20,1,153785839
101.916,24,5,153885897
97.788,24,5,153985954
97.3444,24,5,154086011
96.6709,24,5,154186069
96.3313,24,5,154286127
95.9035,24,72,154386184
100.937,24,72,154486242
99.7845,24,72,154586298
99.3456,24,72,154686354
99.2866,24,72,154786411
99.2312,24,4,154886467
96.2121,24,4,154986525
98.1889,24,4,155086585
97.3112,24,4,155186642
97.4369,24,4,155286698
97.6043,26,7,155386756
92.3532,26,7,155486812
99.5466,26,7,155586869
101.632,26,7,155686929
100.598,26,7,155786986
101.657,29,8,155887042
113.935,29,8,155987096
112.711,29,8,156087150
111.161,29,8,156187205
110.356,29,8,156287259
109.119,29,8,156387313
111.056,28,9,156487368
109.226,28,9,156587423
109.009,28,9,156687480
109.702,28,9,156787536
109.031,28,9,156887600
106.474,29,58,156987657
97.7804,29,58,157087690
100.456,29,58,157187746
103.219,29,58,157287784
105.254,29,58,157387838
112.328,28,5,157487894
114.476,28,5,157587949
114.024,28,5,157688004
112.81,28,5,157788059
112.697,28,5,157888113
117.137,23,21,157988172
115.402,23,21,158088181
114.032,23,21,158188237
114.128,23,21,158288252
113.581,23,21,158388309
110.61,28,12,158488363
110.499,28,12,158588419
111.145,28,12,158688474
109.61,28,12,158788530
108.586,28,12,158888546
98.0928,29,9,158988603
98.2642,29,9,159088664
98.4665,29,9,159188723
100.057,29,9,159288781
99.9447,29,9,159388839
93.4361,28,26,159488896
100.408,28,26,159588951
102.584,28,26,159689007
102.218,28,26,159789065
100.862,28,26,159889123
94.8572,27,5,159989182
96.8376,27,5,160089238
99.7606,27,5,160189295
98.7435,27,5,160289352
97.6961,27,5,160389411
96.7945,28,11,160489469
98.7063,28,11,160589529
101.353,28,11,160689586
101.399,28,11,160789642
102.793,28,11,160889698
96.3707,27,11,160989756
100.736,27,11,161089813
103.523,27,11,161189872
104.611,27,11,161289932
104.99,27,11,161389989
108.516,29,5,161490046
107.524,29,5,161590103
106.462,29,5,161690159
106.529,29,5,161790218
105.446,29,5,161890277
100.581,30,46,161990334
103.181,30,46,162090390
105.024,30,46,162190446
104.734,30,46,162290507
104.315,30,46,162390550
105.316,29,33,162490605
105.876,29,33,162590661
106.643,29,33,162690716
106.599,29,33,162790772
105.73,29,33,162890826
106.078,25,22,162990884
104.958,25,22,163090939
103.863,25,22,163190993
103.539,25,22,163291048
102.793,25,22,163391103
106.27,28,24,163491157
105.103,28,24,163591212
104.112,28,24,163691266
104.556,28,24,163791323
104.649,28,24,163891382
110.138,27,29,163991436
108.303,27,29,164091491
107.906,27,29,164191546
107.104,27,29,164291584
106.041,27,29,164391638
100.553,29,23,164491693
99.0179,29,23,164591747
94.9591,29,23,164691802
93.738,29,23,164791858
93.2354,29,23,164891918
90.6125,26,18,164991973
101.793,26,18,165092027
101.93,26,18,165192083
101.52,26,18,165292186
97.8679,26,18,165392241
88.2768,26,2,165492296
87.9688,26,2,165592351
86.6651,26,2,165692407
90.3914,26,2,165792462
89.9895,26,2,165892518
91.6842,24,5,165992580
92.1931,24,5,166092635
92.7689,24,5,166192691
94.2777,24,5,166292748
94.7399,24,5,166392803
93.8071,25,7,166492858
92.109,25,7,166592914
96.1548,25,7,166692969
96.9396,25,7,166793026
98.5416,25,7,166893080
99.2453,28,9,166993134
98.4591,28,9,167093189
100.642,28,9,167193243
100.987,28,9,167293297
100.859,28,9,167393353
101.942,29,36,167493406
109.083,29,36,167593461
105.532,29,36,167693515
98.5915,29,36,167793570
95.7398,29,36,167893625
94.2766,29,36,167993680
89.3755,25,81,168093735
89.1354,25,81,168193790
88.961,25,81,168293847
88.9883,25,81,168393902
89.0643,25,81,168493956
88.5602,25,4,168594011
87.7973,25,4,168694065
88.0241,25,4,168794120
88.2134,25,4,168894175
88.3714,25,4,168994229
87.7985,25,5,169094284
88.3744,25,5,169194339
87.6988,25,5,169294394
87.5898,25,5,169394448
87.7442,25,5,169494502
85.3619,26,3,169594562
85.3097,26,3,169694616
85.6177,26,3,169794672
84.633,26,3,169894727
84.4037,26,3,169994781
82.8077,25,5,170094838
85.8717,25,5,170194915
90.3747,25,5,170294969
91.1912,25,5,170395023
88.9459,25,5,170495084
84.4794,26,11,170595139
84.8218,26,11,170695194
85.1729,26,11,170795248
85.2189,26,11,170895303
85.4306,26,11,170995358
87.3851,25,17,171095412
89.1396,25,17,171195467
88.9752,25,17,171295522
88.4794,25,17,171395578
87.9063,25,17,171495633
85.9431,24,6,171595688
89.0098,24,6,171695742
94.5757,24,6,171795796
97.9454,24,6,171895851
100.082,24,6,171995906
107.057,27,5,172095961
104.895,27,5,172196017
102.9,27,5,172296075
103.069,27,5,172396131
103.916,27,5,172496188
108.607,30,35,172596243
110.736,30,35,172696298
109.509,30,35,172796354
107.279,30,35,172896411
106.781,30,35,172996467
111.057,28,41,173096524
108.132,28,41,173196581
101.665,28,41,173296638
98.281,28,41,173396694
99.3439,28,41,173496750
106.912,24,12,173596804
106.594,24,12,173696859
106.232,24,12,173796916
105.845,24,12,173896972
106.063,24,12,173997029
103.27,27,99,174097084
105.153,27,99,174197142
105.143,27,99,174297197
105.95,27,99,174397252
106.355,27,99,174497308
109.119,29,12,174597363
106.689,29,12,174697418
103.91,29,12,174797473
104.665,29,12,174897528
105.42,29,12,174997583
109.854,28,99,175097639
106.86,28,99,175197694
105.789,28,99,175297720
104.954,28,99,175397775
104.388,28,99,175497833
99.6165,28,21,175597888
98.7646,28,21,175697943
99.1943,28,21,175797997
99.8191,28,21,175898008
99.9495,28,21,175998062
102.96,29,49,176098118
103.126,29,49,176198172
103.129,29,49,176298227
100.8,29,49,176398249
98.4143,29,49,176498304
102.764,27,54,176598358
95.4306,27,54,176698417
92.2603,27,54,176798472
90.2655,27,54,176898527
89.4452,27,54,176998581
88.6647,23,22,177098638
90.8293,23,22,177198692
87.3795,23,22,177298748
88.4779,23,22,177398804
87.8432,23,22,177498859
87.7949,24,10,177598913
86.0347,24,10,177698968
85.804,24,10,177799022
86.4908,24,10,177899076
86.2745,24,10,177999119
85.9993,25,37,178099174
84.4951,25,37,178199230
85.0804,25,37,178299285
85.8689,25,37,178399340
86.0329,25,37,178499396
86.7472,24,10,178599456
84.779,24,10,178699515
84.7365,24,10,178799571
84.1686,24,10,178899628
83.8287,24,10,178999685
83.5075,24,10,179099742
82.8569,23,16,179199799
84.2606,23,16,179299856
84.7544,23,16,179399913
85.1349,23,16,179499970
85.4252,23,16,179600027
84.6033,24,11,179700083
84.2176,24,11,179800138
84.3891,24,11,179900193
83.8841,24,11,180000256
84.164,24,11,180100310
81.6203,21,21,180200365
85.2106,21,21,180300419
84.8572,21,21,180400475
85.3421,21,21,180500529
84.1944,21,21,180600585
86.1146,25,4,180700642
84.5328,25,4,180800698
83.8299,25,4,180900753
85.352,25,4,181000810
88.0743,25,4,181100866
97.4896,23,99,181200921
99.5462,23,99,181300977
99.8694,23,99,181401036
99.4717,23,99,181501092
98.6623,23,99,181601116
84.9545,25,6,181701171
95.507,25,6,181801229
97.6944,25,6,181901286
99.0647,25,6,182001345
99.7647,25,6,182101398
103.656,27,7,182201454
104.857,27,7,182301508
106.309,27,7,182401563
106.902,27,7,182501582
107.043,27,7,182601637
108.589,25,10,182701692
106.839,25,10,182801747
107.961,25,10,182901803
107.23,25,10,183001859
106.749,25,10,183101918
110.062,25,99,183201974
110.699,25,99,183302029
108.685,25,99,183402085
107.528,25,99,183502140
108.322,25,99,183602195
104.107,27,35,183702250
99.5018,27,35,183802305
96.594,27,35,183902322
99.1881,27,35,184002377
101.702,27,35,184102432
114.273,25,25,184202459
111.564,25,25,184302516
109.351,25,25,184402573
102.72,25,25,184502631
102.189,25,25,184602689
84.488,25,23,184702747
89.235,25,23,184802808
90.2896,25,23,184902866
89.4413,25,23,185002921
87.9976,25,23,185102975
81.3041,25,5,185203030
83.0786,25,5,185303084
83.9237,25,5,185403140
83.8444,25,5,185503195
84.1688,25,5,185603250
80.6192,23,7,185703305
81.3392,23,7,185803360
82.6135,23,7,185903416
83.0943,23,7,186003471
83.0886,23,7,186103525
85.8074,25,2,186203581
90.3318,25,2,186303636
95.2694,25,2,186403690
98.0702,25,2,186503746
99.9067,25,2,186603769
100.208,27,26,186703823
97.1392,27,26,186803879
101.298,27,26,186903935
102.127,27,26,187003990
102.764,27,26,187104039
102.942,26,5,187204094
104.732,26,5,187304150
103.635,26,5,187404206
104.532,26,5,187504260
104.62,26,5,187604316
104.583,26,5,187704371
103.399,26,22,187804427
103.393,26,22,187904481
104.86,26,22,188004537
104.964,26,22,188104592
105.369,26,22,188204647
109.177,23,11,188304702
107.485,23,11,188404760
108.051,23,11,188504816
107.572,23,11,188604871
107.067,23,11,188704913
100.995,23,11,188804970
101.758,23,11,188905025
101.558,23,11,189005080
101.389,23,11,189105136
101.639,23,11,189205191
99.8627,26,41,189305247
89.1633,26,41,189405302
86.0743,26,41,189505359
85.7936,26,41,189605414
85.7397,26,41,189705471
86.8077,23,64,189805526
87.5422,23,64,189905580
87.1417,23,64,190005637
86.9829,23,64,190105692
86.455,23,64,190205746
90.3797,20,7,190305801
90.1983,20,7,190405855
88.9551,20,7,190505909
87.8583,20,7,190605964
87.7826,20,7,190706019
88.6895,20,4,190806075
86.9777,20,4,190906130
86.3884,20,4,191006185
86.3775,20,4,191106239
86.5034,20,4,191206293
83.4585,22,5,191306348
83.7827,22,5,191406402
84.5318,22,5,191506458
84.5339,22,5,191606512
85.1185,22,5,191706566
84.7242,19,5,191806620
85.8964,19,5,191906675
85.8707,19,5,192006729
85.5295,19,5,192106784
89.2105,19,5,192206838
97.5496,22,5,192306893
89.5656,22,5,192406947
87.0673,22,5,192507001
86.2194,22,5,192607056
85.4853,22,5,192707111
94.4555,19,99,192807165
90.1231,19,99,192907219
88.7431,19,99,193007275
88.0284,19,99,193107329
87.5161,19,99,193207383
89.9264,21,10,193307438
99.5388,21,10,193407492
97.003,21,10,193507546
95.8351,21,10,193607601
95.8181,21,10,193707656
108.866,23,4,193807710
107.413,23,4,193907765
108.465,23,4,194007820
108.562,23,4,194107874
109.164,23,4,194207930
108.149,24,20,194307984
108.677,24,20,194408038
108.05,24,20,194508092
108.585,24,20,194608146
109.315,24,20,194708201
104.061,22,45,194808249
108.842,22,45,194908303
109.959,22,45,195008358
110.52,22,45,195108413
109.587,22,45,195208421
113.83,24,22,195308476
114.608,24,22,195408530
114.658,24,22,195508586
113.864,24,22,195608640
112.934,24,22,195708695
115.207,21,58,195808750
112.999,21,58,195908807
111.683,21,58,196008863
111.467,21,58,196108921
111.751,21,58,196208975
107.508,21,28,196309029
107.303,21,28,196409084
102.047,21,28,196509138
100.064,21,28,196609193
102.126,21,28,196709248
108.704,21,40,196809303
109.726,21,40,196909358
109.003,21,40,197009414
104.865,21,40,197109469
101.659,21,40,197209523
105.43,25,99,197309577
111.202,25,99,197409632
104.979,25,99,197509687
100.157,25,99,197609741
96.6335,25,99,197709796
86.0511,23,76,197809856
106.352,23,76,197909911
107.955,23,76,198009971
109.878,23,76,198110026
110.224,23,76,198210081
110.225,22,17,198310136
107.303,22,17,198410193
101.576,22,17,198510293
101.487,22,17,198610349
101.509,22,17,198710409
99.9848,21,99,198810463
99.4866,21,99,198910520
103.882,21,99,199010576
103.395,21,99,199110631
101.8,21,99,199210685
100.515,21,99,199310742
105.901,23,20,199410798
109.173,23,20,199510853
109.445,23,20,199610908
109.62,23,20,199710968
109.8,23,20,199811023
113.98,26,6,199911078
114.353,26,6,200011133
110.751,26,6,200111188
109.271,26,6,200211246
106.106,26,6,200311302
100.206,24,81,200411365
101.074,24,81,200511426
104.907,24,81,200611531
106.371,24,81,200711580
107.802,24,81,200811635
101.079,25,13,200911693
97.0281,25,13,201011750
100.288,25,13,201111808
101.605,25,13,201211863
103.216,25,13,201311919
114.191,26,25,201411974
110.917,26,25,201512034
109.278,26,25,201612090
105.793,26,25,201712147
102.778,26,25,201812202
113.963,25,99,201912256
107.371,25,99,202012311
107.165,25,99,202112366
107.133,25,99,202212421
107.154,25,99,202312476
97.0147,27,83,202412532
98.7964,27,83,202512589
99.4014,27,83,202612643
101.533,27,83,202712699
103.043,27,83,202812755
108.253,27,11,202912810
105.046,27,11,203012865
104.703,27,11,203112919
101.702,27,11,203212976
99.3038,27,11,203313031
89.4742,26,21,203413087
89.7637,26,21,203513142
89.475,26,21,203613197
89.9008,26,21,203713253
90.7527,26,21,203813309
93.8086,25,4,203913364
94.0999,25,4,204013422
92.9887,25,4,204113478
93.5817,25,4,204213532
93.5963,25,4,204313587
99.8885,25,11,204413642
99.2142,25,11,204513697
98.1824,25,11,204613753
98.4399,25,11,204713807
98.1183,25,11,204813862
95.2268,26,6,204913918
98.8377,26,6,205013998
101.847,26,6,205114054
103.451,26,6,205214108
103.883,26,6,205314163
99.3029,26,3,205414217
102.18,26,3,205514272
103.343,26,3,205614328
103.846,26,3,205714382
102.717,26,3,205814437
102.244,28,19,205914492
99.019,28,19,206014547
98.9617,28,19,206114603
96.4081,28,19,206214664
94.6849,28,19,206314720
90.1117,26,19,206414774
91.3513,26,19,206514829
90.5012,26,19,206614885
88.8602,26,19,206714915
88.2389,26,19,206814969
87.288,24,2,206915024
86.6213,24,2,207015080
86.1085,24,2,207115135
86.3383,24,2,207215190
87.1544,24,2,207315244
87.6527,24,49,207415300
87.5002,24,49,207515355
88.2803,24,49,207615409
88.9947,24,49,207715464
90.1761,24,49,207815519
93.8747,24,4,207915573
92.737,24,4,208015628
92.1279,24,4,208115686
91.9684,24,4,208215744
91.881,24,4,208315801
92.4214,22,1,208415857
92.0125,22,1,208515878
91.0871,22,1,208615935
91.4394,22,1,208715991
91.5729,22,1,208816052
93.8394,27,3,208916067
92.1072,27,3,209016124
91.7212,27,3,209116181
90.691,27,3,209216237
89.7145,27,3,209316294
87.8349,26,97,209416353
87.1832,26,97,209516411
84.7777,26,97,209616468
85.352,26,97,209716527
87.7522,26,97,209816565
88.392,25,5,209916620
85.3275,25,5,210016650
84.5973,25,5,210116704
84.9185,25,5,210216760
84.8244,25,5,210316814
85.2084,24,5,210416869
98.9335,24,5,210516926
100.318,24,5,210616981
99.6496,24,5,210717037
99.3796,24,5,210817096
98.8467,24,5,210917150
89.8796,27,32,211017204
91.7553,27,32,211117260
90.9219,27,32,211217297
89.1767,27,32,211317356
87.8302,27,32,211417411
83.3116,22,19,211517468
84.0063,22,19,211617522
85.5927,22,19,211717577
86.9434,22,19,211817631
87.1702,22,19,211917686
100.702,27,3,212017741
98.4074,27,3,212117752
93.3074,27,3,212217808
91.1121,27,3,212317863
92.3206,27,3,212417918
95.3698,26,5,212517975
97.3347,26,5,212618030
99.7567,26,5,212718086
96.5367,26,5,212818141
93.8464,26,5,212918195
81.0132,27,69,213018249
80.3642,27,69,213118305
81.2993,27,69,213218359
87.0607,27,69,213318415
88.5863,27,69,213418469
83.7837,23,4,213518526
87.293,23,4,213618581
89.3076,23,4,213718636
92.4506,23,4,213818691
93.5818,23,4,213918748
93.4405,28,5,214018803
95.1249,28,5,214118857
95.2385,28,5,214218911
94.5231,28,5,214318966
94.19,28,5,214419020
102.006,31,10,214519075
102.59,31,10,214619130
101.074,31,10,214719185
99.6057,31,10,214819239
97.287,31,10,214919296
94.7957,30,24,215019350
89.345,30,24,215119406
89.0506,30,24,215219462
88.6702,30,24,215319516
89.9401,30,24,215419572
89.8957,30,11,215519626
88.9424,30,11,215619683
88.5814,30,11,215719737
88.9268,30,11,215819791
89.9811,30,11,215919846
88.8231,28,8,216019901
86.2757,28,8,216119955
86.8497,28,8,216220012
87.473,28,8,216320070
87.8461,28,8,216420127
86.7052,27,21,216520182
87.5286,27,21,216620239
87.4053,27,21,216720294
87.7952,27,21,216820348
87.4593,27,21,216920403
89.3948,29,20,217020459
84.5497,29,20,217120515
87.7416,29,20,217220570
89.4681,29,20,217320628
88.8083,29,20,217420685
92.3191,26,16,217520699
85.1992,26,16,217620756
84.9621,26,16,217720812
85.3089,26,16,217820868
86.715,26,16,217920925
92.7042,28,16,218020982
91.0611,28,16,218120992
95.3852,28,16,218221052
95.3501,28,16,218321109
96.6338,28,16,218421166
100.878,30,12,218521222
102.467,30,12,218621292
103.492,30,12,218721350
103.088,30,12,218821407
101.17,30,12,218921465
84.1468,27,24,219021521
87.4776,27,24,219121581
88.9663,27,24,219221639
89.7332,27,24,219321695
90.7252,27,24,219421752
90.1722,29,27,219521808
86.5385,29,27,219621866
87.0516,29,27,219721923
86.3414,29,27,219821979
86.5709,29,27,219922038
85.9125,30,9,220022095
83.5073,30,9,220122154
86.8755,30,9,220222199
91.626,30,9,220322259
92.5273,30,9,220422315
94.8956,27,18,220523000
87.1052,27,18,220623056
90.6185,27,18,220723113
91.2529,27,18,220823171
94.3455,27,18,220923227
94.7898,27,18,221023284
90.2731,28,99,221123341
88.6983,28,99,221223399
88.2226,28,99,221323456
88.5227,28,99,221423512
88.5218,28,99,221523567
90.9029,26,17,221623623
91.5485,26,17,221723678
90.8964,26,17,221823738
89.9342,26,17,221923802
88.4119,26,17,222023862
86.891,22,15,222123918
83.9515,22,15,222223969
84.5594,22,15,222324024
85.9744,22,15,222424079
85.8811,22,15,222524134
82.3226,26,13,222624193
92.1452,26,13,222724248
98.1151,26,13,222824305
100.205,26,13,222924360
102.129,26,13,223024416
110.469,26,10,223124475
106.848,26,10,223224506
105.54,26,10,223324561
106.589,26,10,223424662
107.851,26,10,223524722
99.9933,28,5,223624777
102.141,28,5,223724833
103.698,28,5,223824889
103.135,28,5,223924910
101.845,28,5,224024966
94.7688,25,35,224125025
92.277,25,35,224225083
88.6699,25,35,224325139
87.2873,25,35,224425195
86.8617,25,35,224525250
84.6364,27,24,224625305
86.549,27,24,224725358
88.5932,27,24,224825413
87.8431,27,24,224925469
87.4208,27,24,225025524
85.688,24,2,225125579
84.4066,24,2,225225636
83.9547,24,2,225325695
84.5119,24,2,225425751
85.3409,24,2,225525806
89.9018,22,4,225625862
89.151,22,4,225725917
89.8528,22,4,225825973
90.1677,22,4,225926028
90.3812,22,4,226026084
93.9805,24,9,226126143
92.9621,24,9,226226200
92.8282,24,9,226326242
93.3111,24,9,226426298
93.4194,24,9,226526353
92.5497,26,5,226626409
94.5716,26,5,226726419
94.8439,26,5,226826485
94.2743,26,5,226926541
93.9871,26,5,227026597
93.0752,20,6,227126654
92.2552,20,6,227226709
92.7155,20,6,227326765
92.4355,20,6,227426822
92.0444,20,6,227526879
88.3704,21,5,227626934
100,21,5,227726989
100.898,21,5,227827047
102.488,21,5,227927103
103.377,21,5,228027159
103.181,26,9,228127214
100.945,26,9,228227271
101.088,26,9,228327334
101.374,26,9,228427391
101.604,26,9,228527446
98.9576,29,10,228627501
100.396,29,10,228727556
100.894,29,10,228827612
100.987,29,10,228927668
101.433,29,10,229027724
95.4806,32,41,229127780
92.7766,32,41,229227836
92.1946,32,41,229327892
96.8007,32,41,229427947
99.0827,32,41,229527983
89.0591,27,48,229628039
94.9029,27,48,229728095
91.1058,27,48,229828151
92.4935,27,48,229928208
94.9019,27,48,230028247
95.048,27,10,230128302
100.653,27,10,230228358
101.736,27,10,230328413
102.154,27,10,230428469
102.628,27,10,230528524
102.484,27,79,230628580
105.161,27,79,230728636
105.356,27,79,230828691
104.303,27,79,230928747
104.785,27,79,231028802
105.5,27,99,231128857
106.095,27,99,231228912
104.724,27,99,231328967
105.575,27,99,231429023
104.992,27,99,231529078
100.758,27,99,231629123
81.386,25,39,231729179
82.1815,25,39,231829234
82.5562,25,39,231929289
83.0674,25,39,232029345
83.7834,25,39,232129353
83.8953,24,4,232229408
85.3133,24,4,232329463
85.2954,24,4,232429518
85.3937,24,4,232529573
85.0817,24,4,232629630
85.1509,24,8,232729685
83.1614,24,8,232829712
83.2443,24,8,232929767
88.0086,24,8,233029821
95.3757,24,8,233129894
123.607,27,5,233229949
124.316,27,5,233330003
124.712,27,5,233430058
124.311,27,5,233530112
120.379,27,5,233630167
88.3459,30,16,233730222
86.7133,30,16,233830277
87.1876,30,16,233930332
87.1471,30,16,234030350
87.1523,30,16,234130394
89.0642,24,2,234230449
91.8669,24,2,234330504
91.5696,24,2,234430559
90.6935,24,2,234530614
90.2381,24,2,234630668
88.1562,22,6,234730723
87.4314,22,6,234830778
88.1248,22,6,234930834
88.3151,22,6,235030890
88.1804,22,6,235130944
90.8694,23,2,235230998
91.1743,23,2,235331053
90.4529,23,2,235431107
90.7351,23,2,235531162
90.6568,23,2,235631218
98.666,24,1,235731275
100.424,24,1,235831330
102.301,24,1,235931384
100.804,24,1,236031439
100.326,24,1,236131494
87.3706,24,5,236231548
94.2945,24,5,236331577
97.0897,24,5,236431631
95.4745,24,5,236531685
93.7031,24,5,236631740
90.4404,25,99,236731794
88.6906,25,99,236831850
88.6847,25,99,236931905
89.8251,25,99,237031963
90.5387,25,99,237132018
92.6927,23,4,237232073
90.8912,23,4,237332127
88.7641,23,4,237432182
87.9217,23,4,237532237
88.9333,23,4,237632292
103.752,25,4,237732344
93.7449,25,4,237832399
90.9709,25,4,237932454
90.9598,25,4,238032508
92.2137,25,4,238132563
90.6618,25,25,238232619
94.2988,25,25,238332674
92.553,25,25,238432729
93.3117,25,25,238532784
95.5217,25,25,238632840
98.7313,23,99,238732895
98.8786,23,99,238832949
101.043,23,99,238933004
100.777,23,99,239033061
100.046,23,99,239133115
90.0252,27,2,239233171
92.9596,27,2,239333226
91.1112,27,2,239433327
91.4221,27,2,239533388
92.5227,27,2,239633447
82.1288,23,6,239733506
94.2015,23,6,239833570
98.2282,23,6,239933627
99.5402,23,6,240033683
101.771,23,6,240133784
105.597,26,4,240233839
109.648,26,4,240333894
106.906,26,4,240433952
105.405,26,4,240534007
104.911,26,4,240634062
113.611,25,93,240734120
106.42,25,93,240834175
106.046,25,93,240934230
107.444,25,93,241034285
106.185,25,93,241134339
105.402,26,83,241234396
93.2523,26,83,241334454
91.0075,26,83,241434511
90.1319,26,83,241534568
90.0854,26,83,241634624
89.4095,26,23,241734652
87.9035,26,23,241834713
86.8792,26,23,241934755
87.0637,26,23,242034812
86.9442,26,23,242134867
87.7177,22,5,242234916
90.5159,22,5,242334973
88.4617,22,5,242435029
88.3047,22,5,242535084
88.5309,22,5,242635139
88.6589,22,5,242735190
94.2014,24,4,242835246
94.6288,24,4,242935301
93.808,24,4,243035358
93.2034,24,4,243135415
92.9368,24,4,243235474
91.9382,29,13,243335531
91.4018,29,13,243435586
91.7098,29,13,243535640
92.013,29,13,243635694
91.7469,29,13,243735752
91.1629,25,2,243835806
91.7704,25,2,243935869
91.8949,25,2,244035924
91.7535,25,2,244135978
91.8527,25,2,244236032
90.9215,24,17,244336086
91.3649,24,17,244436141
92.6867,24,17,244536195
93.6093,24,17,244636249
93.9294,24,17,244736304
91.3123,22,4,244836361
92.1696,22,4,244936419
92.1547,22,4,245036475
91.7305,22,4,245136532
91.7367,22,4,245236589
91.1114,27,5,245336645
89.8654,27,5,245436700
89.9562,27,5,245536756
90.7928,27,5,245636814
96.7777,27,5,245736873
104.604,27,4,245836932
97.5515,27,4,245936988
97.7977,27,4,246037043
99.6369,27,4,246137097
101.228,27,4,246237158
109.502,29,3,246337215
96.4797,29,3,246437231
92.7185,29,3,246537287
91.1044,29,3,246637345
90.3789,29,3,246737436
86.2552,24,15,246837494
84.914,24,15,246937573
84.6651,24,15,247037630
84.8498,24,15,247137687
84.8798,24,15,247237743
86.9206,22,3,247337797
86.6245,22,3,247437852
86.238,22,3,247537954
86.5134,22,3,247638009
86.7285,22,3,247738064
85.3145,23,4,247838119
87.1548,23,4,247938174
88.1423,23,4,248038228
88.892,23,4,248138243
88.834,23,4,248238298
89.0736,25,4,248338353
88.2911,25,4,248438408
88.651,25,4,248538464
88.7661,25,4,248638525
89.7298,25,4,248738580
93.5979,26,5,248838636
90.0252,26,5,248938692
90.4106,26,5,249038747
90.5752,26,5,249138801
90.8189,26,5,249238844
91.4411,27,8,249338899
88.7304,27,8,249438953
88.6765,27,8,249539007
88.9589,27,8,249639061
88.9081,27,8,249739117
89.6781,23,47,249839174
88.5905,23,47,249939228
88.0368,23,47,250039282
88.4,23,47,250139337
87.834,23,47,250239392
90.1063,26,6,250339446
89.7086,26,6,250439505
89.2773,26,6,250539560
90.3701,26,6,250639617
91.1557,26,6,250739672
105.585,25,4,250839728
103.534,25,4,250939784
102.311,25,4,251039843
103.261,25,4,251139900
102.324,25,4,251239955
102.87,27,11,251340010
92.5857,27,11,251440065
91.9287,27,11,251540122
91.5952,27,11,251640177
91.5864,27,11,251740234
90.6808,26,35,251840290
86.6823,26,35,251940347
90.3256,26,35,252040402
89.634,26,35,252140461
91.2178,26,35,252240518
93.2874,26,35,252340573
99.8946,27,6,252440630
100.283,27,6,252540685
96.8999,27,6,252640741
94.2555,27,6,252740797
93.3934,27,6,252840854
88.7174,23,53,252940909
89.7301,23,53,253040967
89.8246,23,53,253141022
90.5312,23,53,253241078
90.142,23,53,253341134
92.6073,22,5,253441190
93.8035,22,5,253541247
93.5969,22,5,253641304
93.0149,22,5,253741360
92.2666,22,5,253841416
84.0666,24,7,253941473
86.3697,24,7,254041528
88.2658,24,7,254141578
88.6773,24,7,254241635
89.0245,24,7,254341693
88.8691,22,7,254441749
88.9421,22,7,254541804
89.5072,22,7,254641860
89.535,22,7,254741918
89.3632,22,7,254841975
88.4455,22,4,254942031
87.8327,22,4,255042088
86.1411,22,4,255142145
85.3999,22,4,255242202
90.9546,22,4,255342258
126.022,24,3,255442315
100.664,24,3,255542372
94.6447,24,3,255642428
92.9266,24,3,255742484
92.3284,24,3,255842541
89.6797,21,21,255942601
89.1442,21,21,256042657
89.3891,21,21,256142712
89.2348,21,21,256242766
89.5672,21,21,256342821
90.5354,23,2,256442877
89.5605,23,2,256542933
88.2474,23,2,256642987
90.6238,23,2,256743041
90.8362,23,2,256843071
88.4603,25,5,256943127
90.7828,25,5,257043181
91.2878,25,5,257143236
92.6867,25,5,257243294
96.0465,25,5,257343349
104.08,24,3,257443404
107.36,24,3,257543458
105.498,24,3,257643513
105.215,24,3,257743569
104.729,24,3,257843623
104.608,27,92,257943680
102.162,27,92,258043737
99.8386,27,92,258143795
100.423,27,92,258243855
102.332,27,92,258343913
104.123,27,21,258443936
100.961,27,21,258543973
100.123,27,21,258644027
100.909,27,21,258744083
100.882,27,21,258844137
89.5095,26,12,258944161
96.8531,26,12,259044215
101.501,26,12,259144270
102.249,26,12,259244326
103.813,26,12,259344380
98.4397,26,8,259444435
91.7615,26,8,259544490
90.5801,26,8,259644545
95.6191,26,8,259744599
96.472,26,8,259844653
89.7989,24,9,259944708
91.0183,24,9,260044763
89.3281,24,9,260144819
93.9423,24,9,260244873
97.5926,24,9,260344908
105.307,25,5,260444962
105.961,25,5,260545017
106.815,25,5,260645073
106.84,25,5,260745128
106.463,25,5,260845183
106.203,25,11,260945237
105.898,25,11,261045294
105.848,25,11,261145348
107.613,25,11,261245402
108.406,25,11,261345457
108.284,25,11,261445511
109.961,26,72,261545565
110.656,26,72,261645618
109.623,26,72,261745673
109.833,26,72,261845728
109.562,26,72,261945782
106.801,24,47,262045838
109.591,24,47,262145893
110.122,24,47,262245948
110.68,24,47,262346002
111.251,24,47,262446057
113.478,25,49,262546113
113.729,25,49,262646167
113.937,25,49,262746223
112.087,25,49,262846278
112.103,25,49,262946334
113.683,24,58,263046388
110.845,24,58,263146443
109.373,24,58,263246486
107.689,24,58,263346543
108.02,24,58,263446598
103.02,23,31,263546653
104.805,23,31,263646709
107.167,23,31,263746763
108.365,23,31,263846819
108.239,23,31,263946874
106.918,24,6,264046931
102.684,24,6,264146987
105.677,24,6,264247042
106.522,24,6,264347097
106.947,24,6,264447153
93.6651,25,12,264547207
97.5592,25,12,264647262
99.0122,25,12,264747322
102.068,25,12,264847378
103.837,25,12,264947433
108.059,25,5,265047488
109.874,25,5,265147543
111.197,25,5,265247602
110.912,25,5,265347658
109.725,25,5,265447713
112.636,24,54,265547767
111.814,24,54,265647823
112.13,24,54,265747878
111.335,24,54,265847938
110.603,24,54,265947995
106.46,23,99,266048049
105.768,23,99,266148152
105.201,23,99,266248207
104.478,23,99,266348242
99.0596,23,99,266448298
75.8016,25,6,266548353
79.4229,25,6,266648407
78.8791,25,6,266748461
80.0151,25,6,266848517
81.2291,25,6,266948571
86.537,22,3,267048626
84.8404,22,3,267148681
84.2382,22,3,267248737
84.6673,22,3,267348792
84.8364,22,3,267448846
87.9404,20,4,267548900
86.1438,20,4,267648955
82.788,20,4,267749010
83.8098,20,4,267849064
83.3001,20,4,267949120
81.1469,20,2,268049177
98.0023,20,2,268149233
102.691,20,2,268249288
104.107,20,2,268349346
104.699,20,2,268449403
112.238,24,6,268549459
109.514,24,6,268649514
108.301,24,6,268749556
103.837,24,6,268849610
100.327,24,6,268949664
89.5977,20,77,269049719
89.167,20,77,269149773
88.4666,20,77,269249829
91.7378,20,77,269349887
95.6123,20,77,269449943
100.135,24,5,269550001
90.5484,24,5,269650057
91.1718,24,5,269750112
91.7131,24,5,269850169
91.6851,24,5,269950225
100.291,23,98,270050279
108.782,23,98,270150334
109.192,23,98,270250390
111.214,23,98,270350450
111.816,23,98,270450508
113.565,21,2,270550562
113.559,21,2,270650616
104.476,21,2,270750671
101.998,21,2,270850728
101.307,21,2,270950783
111.161,23,65,271050840
112.403,23,65,271150895
113.324,23,65,271250951
112.207,23,65,271351006
107.121,23,65,271451062
83.5631,23,86,271551117
84.2468,23,86,271651175
84.561,23,86,271751231
85.6441,23,86,271851287
85.2849,23,86,271951342
86.1466,22,4,272051443
102.299,22,4,272151499
103.958,22,4,272251554
106.37,22,4,272351574
107.6,22,4,272451629
107.79,21,99,272551686
110.073,21,99,272651741
114.66,21,99,272751797
116.372,21,99,272851898
117.183,21,99,272951952
115.636,22,1,273052006
88.9293,22,1,273152061
90.2323,22,1,273252115
86.3354,22,1,273352169
86.9749,22,1,273452225
86.0189,22,1,273552280
88.8099,18,1,273652336
91.6017,18,1,273752390
92.5913,18,1,273852447
97.3226,18,1,273952493
97.1876,18,1,274052548
101.67,21,25,274152604
94.7493,21,25,274252660
91.4289,21,25,274352714
89.0491,21,25,274452769
87.8489,21,25,274552824
85.3627,18,0,274652923
85.5999,18,0,274752977
85.2097,18,0,274853033
84.6245,18,0,274953089
84.5542,18,0,275053145
88.4453,20,35,275153200
95.5137,20,35,275253254
96.2131,20,35,275353314
96.9886,20,35,275453369
97.9744,20,35,275553424
82.7529,21,3,275653478
83.1803,21,3,275753533
88.2201,21,3,275853590
89.7344,21,3,275953647
89.9725,21,3,276053703
83.4701,19,24,276153758
80.4219,19,24,276253813
81.9709,19,24,276353870
83.6922,19,24,276453925
84.8097,19,24,276553980
88.7968,19,4,276654035
88.0783,19,4,276754090
88.2237,19,4,276854155
88.3243,19,4,276954212
88.4562,19,4,277054269
86.4319,21,47,277154308
86.7453,21,47,277254368
87.1487,21,47,277354424
87.868,21,47,277454480
88.6042,21,47,277554541
90.056,19,4,277654914
89.4072,19,4,277754970
88.5515,19,4,277855026
88.0717,19,4,277955082
87.554,19,4,278055147
85.9623,20,2,278155204
87.1033,20,2,278255261
87.38,20,2,278355318
87.6847,20,2,278455375
87.6174,20,2,278555431
86.8527,18,3,278655487
89.4091,18,3,278755543
89.1349,18,3,278855599
88.9659,18,3,278955656
90.055,18,3,279055712
94.0623,20,6,279155769
93.5993,20,6,279255828
93.7738,20,6,279355885
93.8419,20,6,279455943
92.7335,20,6,279556002
90.5032,24,4,279656058
88.6861,24,4,279756115
88.301,24,4,279856171
87.6493,24,4,279956230
87.6703,24,4,280056287
83.4063,23,3,280156343
85.935,23,3,280256399
87.2797,23,3,280356456
87.7713,23,3,280456511
88.2021,23,3,280556568
92.5754,24,31,280656624
92.6329,24,31,280756681
93.194,24,31,280856737
94.4314,24,31,280956795
94.0088,24,31,281056852
92.1489,20,4,281156908
91.6624,20,4,281256964
92.2791,20,4,281356985
92.9112,20,4,281457041
93.2573,20,4,281557096
92.6097,24,89,281657150
90.322,24,89,281757206
91.7644,24,89,281857263
91.2159,24,89,281957319
90.9015,24,89,282057375
90.6525,25,7,282157435
91.5136,25,7,282257493
93.1295,25,7,282357550
93.5282,25,7,282457591
94.0415,25,7,282557648
94.4183,25,7,282657704
94.4545,23,23,282757761
94.4887,23,23,282857817
94.6909,23,23,282957885
94.7493,23,23,283057896
95.0417,23,23,283157954
96.9034,20,5,283258009
97.0827,20,5,283358064
96.2246,20,5,283458119
96.9902,20,5,283558174
97.3803,20,5,283658230
98.8154,22,4,283758289
96.3097,22,4,283858343
100.933,22,4,283958400
102.033,22,4,284058461
103.034,22,4,284158518
113.442,28,5,284258578
111.33,28,5,284358639
109.219,28,5,284458697
109.189,28,5,284558753
109.439,28,5,284658810
90.3191,25,10,284758868
89.6886,25,10,284858926
90.9819,25,10,284958986
90.2858,25,10,285059003
91.1546,25,10,285159061
86.9578,22,6,285259116
85.594,22,6,285359171
86.6867,22,6,285459228
87.1436,22,6,285559285
87.3906,22,6,285659340
91.529,21,2,285759394
91.606,21,2,285859449
91.5204,21,2,285959505
91.7015,21,2,286059560
91.7758,21,2,286159614
92.4927,21,5,286259669
93.0465,21,5,286359724
92.9883,21,5,286459779
93.5599,21,5,286559834
94.1026,21,5,286659888
96.8539,23,6,286759944
97.1257,23,6,286859998
96.0216,23,6,286960053
95.6195,23,6,287060108
95.1621,23,6,287160164
90.0609,21,5,287260218
96.1212,21,5,287360274
99.1894,21,5,287460331
100.835,21,5,287560386
101.563,21,5,287660441
103.361,22,3,287760495
101.213,22,3,287860549
100.301,22,3,287960608
99.0197,22,3,288060663
98.0268,22,3,288160718
86.7096,20,11,288260772
88.9783,20,11,288360827
88.6393,20,11,288460883
89.1776,20,11,288560938
89.5879,20,11,288660992
92.6806,21,5,288761047
92.0993,21,5,288861102
91.5629,21,5,288961157
91.4205,21,5,289061216
91.534,21,5,289161255
87.2125,22,5,289261310
88.9862,22,5,289361368
89.6401,22,5,289461428
90.5009,22,5,289561485
89.7283,22,5,289661545
103.56,21,5,289761574
101.381,21,5,289861655
97.2134,21,5,289961711
94.8376,21,5,290061769
94.6462,21,5,290161827
89.3921,21,28,290261883
85.0952,21,28,290361984
91.2853,21,28,290462040
97.7477,21,28,290562097
98.8499,21,28,290662154
107.929,23,4,290762208
107.221,23,4,290862269
106.988,23,4,290962280
106.103,23,4,291062338
106.782,23,4,291162395
110.241,22,28,291262452
110.211,22,28,291362508
110.796,22,28,291462563
111.085,22,28,291562619
110.775,22,28,291662674
104.884,22,49,291762734
105.464,22,49,291862793
106.143,22,49,291962853
106.399,22,49,292062908
105.724,22,49,292162967
105.719,25,49,292263026
102.874,25,49,292363083
102.152,25,49,292463145
102.801,25,49,292563201
103.526,25,49,292663261
107.124,24,19,292763316
108.102,24,19,292863373
107.864,24,19,292963434
107.013,24,19,293063492
107.783,24,19,293163549
105.463,25,97,293263610
108.509,25,97,293363668
108.276,25,97,293463723
105.367,25,97,293563780
106.087,25,97,293663835
106.592,26,27,293763892
106.718,26,27,293863952
108.757,26,27,293964007
109.083,26,27,294064064
108.27,26,27,294164121
108.206,26,27,294264177
107.127,26,99,294364234
109.164,26,99,294464291
109.067,26,99,294564301
110.034,26,99,294664358
109.882,26,99,294764415
106.115,24,99,294864472
98.8101,24,99,294964529
95.8491,24,99,295064585
94.7797,24,99,295164651
96.892,24,99,295264727
102.671,22,45,295364785
102.236,22,45,295464840
101.569,22,45,295564899
99.6006,22,45,295664957
98.5442,22,45,295765012
90.6325,23,1,295865067
90.8312,23,1,295965168
90.7586,23,1,296065269
90.9878,23,1,296165326
91.2549,23,1,296265381
91.2599,22,3,296365438
90.1952,22,3,296465493
89.794,22,3,296565549
90.8695,22,3,296665650
92.1148,22,3,296765706
94.0631,22,5,296865716
93.7443,22,5,296965773
93.4272,22,5,297065827
93.0676,22,5,297165884
93.0484,22,5,297265938
91.7698,21,2,297365995
92.8069,21,2,297466051
92.2211,21,2,297566108
92.1523,21,2,297666163
92.3175,21,2,297766219
90.5141,22,2,297866274
89.7419,22,2,297966331
89.8915,22,2,298066390
90.0364,22,2,298166446
90.4267,22,2,298266503
91.1328,20,2,298366558
91.2294,20,2,298466613
90.4233,20,2,298566669
90.4962,20,2,298666724
90.2132,20,2,298766779
93.6183,20,2,298866835
92.2719,20,2,298966890
92.2277,20,2,299066946
92.7883,20,2,299167001
92.1803,20,2,299267056
92.6298,18,1,299367116
93.0341,18,1,299467172
93.1623,18,1,299567226
93.2042,18,1,299667282
92.9508,18,1,299767337
92.3532,19,5,299867440
92.8376,19,5,299967500
91.7119,19,5,300067558
