os,cpu,gpu,ram,kernel,driver
Arch Linux,AMD Ryzen 7 3700X 8-Core Processor,Radeon RX 5600 OEM/5600 XT / 5700/5700 XT,16406292,5.8.1-arch1-1,4.6 Mesa 20.2.0-devel
143.863,30,23,68
143.842,30,23,100128
143.846,30,23,200186
143.855,29,98,300245
143.861,29,98,400302
143.841,29,98,500358
143.859,29,98,600414
143.867,29,98,700469
143.744,29,98,800528
143.803,29,98,900585
143.818,29,98,1000643
143.821,29,98,1100699
143.835,29,98,1200754
143.785,27,97,1300811
143.857,27,97,1400868
143.833,27,97,1500925
143.871,27,97,1600985
143.847,27,97,1701041
144.005,32,59,1801101
143.879,32,59,1901159
143.875,32,59,2001217
143.865,32,59,2101275
143.856,32,59,2201332
143.832,35,25,2301389
143.864,35,25,2401447
143.823,35,25,2501503
143.87,35,25,2601561
143.838,35,25,2701618
144.122,36,52,2801674
143.92,36,52,2901731
143.922,36,52,3001786
143.883,36,52,3101844
143.857,36,52,3201898
143.705,35,98,3301958
143.745,35,98,3402023
143.816,35,98,3502081
143.825,35,98,3602162
143.843,35,98,3702219
143.773,35,49,3802276
143.76,35,49,3902338
143.823,35,49,4002396
143.881,35,49,4102452
143.835,35,49,4202502
143.906,33,97,4302559
143.892,33,97,4402616
143.87,33,97,4502674
143.861,33,97,4602733
143.865,33,97,4702791
143.804,29,24,4802849
143.847,29,24,4902912
143.831,29,24,5002969
143.834,29,24,5103029
143.84,29,24,5203087
143.875,31,99,5303143
143.839,31,99,5403201
143.834,31,99,5503258
143.832,31,99,5603318
143.849,31,99,5703375
143.812,30,24,5803434
143.821,30,24,5903498
143.849,30,24,6003555
143.843,30,24,6103614
143.839,30,24,6203672
143.848,31,99,6303728
143.784,31,99,6403786
143.837,31,99,6503847
143.844,31,99,6603904
143.817,31,99,6703960
143.693,32,98,6804017
143.861,32,98,6904075
143.85,32,98,7004132
143.853,32,98,7104189
143.85,32,98,7204251
143.678,32,99,7304309
143.862,32,99,7404368
143.85,32,99,7504425
143.852,32,99,7604481
143.831,32,99,7704538
144.024,29,26,7804596
143.87,29,26,7904653
143.794,29,26,8004716
143.862,29,26,8104771
143.841,29,26,8204790
143.914,34,44,8304847
143.919,34,44,8404907
143.87,34,44,8504963
143.867,34,44,8605020
143.856,34,44,8705079
143.918,34,22,8805134
143.881,34,22,8905191
143.835,34,22,9005251
143.841,34,22,9105307
143.846,34,22,9205366
143.877,37,48,9305425
143.916,37,48,9405480
143.886,37,48,9505536
143.876,37,48,9605592
143.88,37,48,9705650
143.889,33,47,9805708
143.865,33,47,9905764
143.838,33,47,10005828
143.843,33,47,10105885
143.841,33,47,10205944
143.713,33,47,10306002
143.843,33,47,10406059
143.828,33,47,10506118
143.829,33,47,10606176
143.833,33,47,10706234
143.786,31,72,10806291
143.859,31,72,10906349
143.826,31,72,11006409
143.846,31,72,11106465
143.838,31,72,11206520
143.962,32,47,11306577
143.863,32,47,11406633
143.855,32,47,11506690
143.853,32,47,11606745
143.837,32,47,11706800
144.065,31,14,11806863
143.925,31,14,11906921
143.908,31,14,12006978
143.883,31,14,12107033
143.89,31,14,12207090
143.75,32,47,12307148
143.856,32,47,12407203
143.754,32,47,12507269
143.797,32,47,12607329
143.841,32,47,12707384
143.775,33,50,12807446
143.727,33,50,12907506
143.813,33,50,13007563
143.85,33,50,13107623
143.843,33,50,13207681
143.817,34,95,13307743
143.833,34,95,13407807
143.851,34,95,13507865
143.843,34,95,13607923
143.822,34,95,13707980
144.001,33,96,13808039
143.909,33,96,13908096
143.89,33,96,14008154
143.881,33,96,14108212
143.869,33,96,14208268
143.812,31,11,14308328
143.847,31,11,14408347
143.856,31,11,14508404
143.852,31,11,14608460
143.865,31,11,14708516
143.848,31,24,14808576
143.838,31,24,14908632
143.857,31,24,15008690
143.847,31,24,15108747
143.847,31,24,15208805
143.841,29,97,15308863
143.794,29,97,15408920
143.839,29,97,15508977
143.845,29,97,15609038
143.852,29,97,15709095
143.862,32,99,15809161
143.869,32,99,15909218
143.849,32,99,16009276
143.858,32,99,16109333
143.855,32,99,16209390
143.906,31,22,16309452
143.905,31,22,16409509
143.879,31,22,16509566
143.876,31,22,16609624
143.863,31,22,16709680
143.935,30,18,16809738
143.858,30,18,16909795
143.86,30,18,17009853
143.858,30,18,17109913
143.869,30,18,17209973
143.823,25,11,17310030
143.825,25,11,17410082
143.854,25,11,17510143
143.843,25,11,17610202
143.84,25,11,17710260
144.032,29,99,17810317
143.938,29,99,17910375
143.899,29,99,18010432
143.868,29,99,18110487
143.877,29,99,18210544
143.86,30,98,18310600
143.858,30,98,18410655
143.881,30,98,18510711
143.85,30,98,18610767
143.855,30,98,18710824
143.86,28,38,18810881
143.842,28,38,18910937
143.834,28,38,19010992
143.804,28,38,19111047
143.854,28,38,19211103
143.726,28,83,19311160
143.883,28,83,19411217
143.858,28,83,19511273
143.828,28,83,19611330
143.823,28,83,19711397
143.873,30,99,19811453
143.881,30,99,19911513
143.822,30,99,20011572
143.874,30,99,20111629
143.849,30,99,20211688
143.864,32,48,20311743
143.771,32,48,20411800
143.857,32,48,20511857
143.826,32,48,20611916
143.845,32,48,20711959
143.883,33,32,20812016
143.892,33,32,20912073
143.875,33,32,21012132
143.871,33,32,21112188
143.848,33,32,21212249
143.85,32,98,21312305
143.844,32,98,21412371
143.847,32,98,21512428
143.841,32,98,21612483
143.841,32,98,21712498
143.933,32,12,21812554
143.881,32,12,21912611
143.857,32,12,22012668
143.854,32,12,22112724
143.856,32,12,22212784
143.807,30,99,22312841
143.795,30,99,22412899
143.842,30,99,22512954
143.853,30,99,22613011
143.856,30,99,22713069
143.889,33,99,22813126
143.852,33,99,22913183
143.824,33,99,23013241
143.827,33,99,23113296
143.827,33,99,23213351
143.876,34,42,23313417
143.914,34,42,23413472
143.879,34,42,23513526
143.861,34,42,23613580
143.851,34,42,23713639
143.952,32,99,23813695
143.842,32,99,23913749
143.849,32,99,24013804
143.855,32,99,24113860
143.866,32,99,24213915
143.848,31,23,24313969
143.856,31,23,24414023
143.845,31,23,24514083
143.848,31,23,24614139
143.844,31,23,24714195
143.949,24,49,24814250
143.886,24,49,24914306
143.865,24,49,25014363
143.836,24,49,25114419
143.872,24,49,25214477
143.742,29,23,25314537
143.791,29,23,25414594
143.847,29,23,25514656
143.846,29,23,25614710
143.828,29,23,25714767
143.781,28,60,25814822
143.851,28,60,25914879
143.867,28,60,26014935
143.861,28,60,26114989
143.844,28,60,26215045
143.756,28,23,26315102
143.83,28,23,26415158
143.84,28,23,26515221
143.848,28,23,26615278
143.852,28,23,26715295
143.747,29,16,26815349
143.795,29,16,26915403
143.838,29,16,27015460
143.842,29,16,27115516
143.852,29,16,27215571
143.775,28,98,27315608
143.79,28,98,27415663
143.818,28,98,27515718
143.831,28,98,27615773
143.832,28,98,27715826
143.86,29,27,27815883
143.834,29,27,27915938
143.833,29,27,28015993
143.842,29,27,28116048
143.858,29,27,28216104
143.986,32,37,28316160
143.888,32,37,28416217
143.875,32,37,28516273
143.862,32,37,28616328
143.874,32,37,28716380
143.793,30,25,28816436
143.815,30,25,28916491
143.864,30,25,29016548
143.836,30,25,29116610
143.829,30,25,29216666
143.936,32,28,29316727
143.836,32,28,29416759
143.846,32,28,29516816
143.826,32,28,29616864
143.852,32,28,29716923
143.754,30,99,29816978
143.848,30,99,29917033
143.809,30,99,30017087
143.831,30,99,30117144
143.849,30,99,30217201
143.763,31,23,30317258
143.913,31,23,30417314
143.855,31,23,30517371
143.856,31,23,30617431
143.858,31,23,30717487
143.706,27,98,30817544
143.828,27,98,30917601
143.844,27,98,31017657
143.827,27,98,31117714
143.853,27,98,31217769
143.857,28,24,31317825
143.809,28,24,31417876
143.816,28,24,31517933
143.834,28,24,31617994
143.839,28,24,31718048
144.012,27,63,31818105
143.887,27,63,31918163
143.832,27,63,32018220
143.851,27,63,32118277
143.854,27,63,32218292
143.645,33,97,32318349
143.75,33,97,32418407
143.785,33,97,32518464
143.846,33,97,32618521
143.841,33,97,32718559
143.869,34,79,32818617
143.854,34,79,32918677
143.854,34,79,33018734
143.849,34,79,33118794
143.846,34,79,33218851
143.846,33,48,33318908
143.842,33,48,33418968
143.808,33,48,33519028
143.828,33,48,33619085
143.845,33,48,33719150
143.913,35,51,33819166
143.885,35,51,33919223
143.846,35,51,34019235
143.862,35,51,34119295
143.855,35,51,34219354
143.725,34,97,34319412
143.81,34,97,34419470
143.815,34,97,34519528
143.805,34,97,34619588
143.81,34,97,34719648
144.066,33,25,34819706
143.917,33,25,34919764
143.887,33,25,35019820
143.876,33,25,35119876
143.877,33,25,35219932
143.833,32,23,35319988
143.852,32,23,35420044
143.854,32,23,35520099
143.865,32,23,35620151
143.846,32,23,35720206
143.957,29,22,35820264
143.934,29,22,35920320
143.845,29,22,36020378
143.875,29,22,36120436
143.849,29,22,36220492
143.862,30,20,36320548
143.871,30,20,36420607
143.827,30,20,36520667
143.848,30,20,36620723
143.834,30,20,36720782
143.802,32,27,36820838
143.835,32,27,36920895
143.839,32,27,37020952
143.843,32,27,37121008
143.86,32,27,37221065
143.815,31,98,37321074
143.746,31,98,37421128
143.844,31,98,37521184
143.819,31,98,37621241
143.828,31,98,37721296
143.686,31,99,37821353
143.842,31,99,37921410
143.829,31,99,38021469
143.868,31,99,38121527
143.848,31,99,38221583
143.691,30,76,38321640
143.79,30,76,38421695
143.757,30,76,38521750
143.85,30,76,38621805
143.848,30,76,38721861
143.836,33,98,38821915
143.831,33,98,38921970
143.855,33,98,39022025
143.819,33,98,39122082
143.85,33,98,39222139
143.536,32,47,39322199
143.733,32,47,39422255
143.855,32,47,39522313
143.851,32,47,39622371
143.835,32,47,39722427
143.784,37,99,39822482
143.869,37,99,39922492
143.783,37,99,40022550
143.85,37,99,40122607
143.83,37,99,40222666
143.761,31,47,40322723
143.894,31,47,40422779
143.86,31,47,40522839
143.842,31,47,40622896
143.847,31,47,40722952
143.585,33,25,40823012
143.726,33,25,40923068
143.764,33,25,41023128
143.783,33,25,41123187
143.812,33,25,41223242
143.792,33,95,41323301
143.843,33,95,41423383
143.859,33,95,41523439
143.844,33,95,41623496
143.864,33,95,41723552
143.647,35,70,41823630
143.858,35,70,41923685
143.845,35,70,42023741
143.856,35,70,42123798
143.851,35,70,42223854
143.89,32,97,42323911
143.842,32,97,42423968
143.856,32,97,42524025
143.834,32,97,42624083
143.848,32,97,42724141
143.991,31,20,42824209
143.892,31,20,42924264
143.883,31,20,43024320
143.869,31,20,43124377
143.865,31,20,43224433
143.779,32,98,43324489
143.756,32,98,43424545
143.853,32,98,43524599
143.85,32,98,43624655
143.849,32,98,43724711
143.761,33,11,43824766
143.802,33,11,43924822
143.837,33,11,44024877
143.823,33,11,44124933
143.835,33,11,44224987
143.926,32,99,44325043
143.884,32,99,44425097
143.845,32,99,44525151
143.846,32,99,44625207
143.845,32,99,44725261
144.248,31,12,44825316
144,31,12,44925371
143.978,31,12,45025422
143.947,31,12,45125478
143.929,31,12,45225532
64.191,28,23,45325586
61.0958,28,23,45425640
60.7004,28,23,45525694
60.4875,28,23,45625748
60.429,28,23,45725802
64.4122,20,0,45825824
60.8669,20,0,45925878
60.5155,20,0,46025934
60.2112,20,0,46125989
59.7769,20,0,46226044
60.1466,21,0,46326098
59.7247,21,0,46426153
59.8614,21,0,46526209
59.9091,21,0,46626263
59.9009,21,0,46726319
59.8609,18,0,46826374
60.2132,18,0,46926429
60.2147,18,0,47026484
60.2059,18,0,47126539
59.91,18,0,47226594
60.1199,18,0,47326650
59.7757,20,0,47426707
60.1458,20,0,47526761
60.0321,20,0,47626816
59.9922,20,0,47726871
59.9344,20,0,47826927
60.2969,21,0,47926984
60.1441,21,0,48027040
60.0628,21,0,48127096
60.0134,21,0,48227154
60.0831,21,0,48327196
59.9413,21,0,48427252
60.1544,21,0,48527308
60.1391,21,0,48627363
60.0806,21,0,48727419
60.1042,21,0,48827474
61.1378,21,0,48927531
60.3348,21,0,49027585
60.1755,21,0,49127640
60.0668,21,0,49227696
60.1036,21,0,49327750
60.8115,20,0,49427805
60.3646,20,0,49527864
60.2405,20,0,49627922
60.1287,20,0,49727978
60.168,20,0,49828036
59.5344,19,2,49928092
59.9305,19,2,50028148
59.9626,19,2,50128202
59.9895,19,2,50228258
59.9925,19,2,50328313
60.2446,19,0,50428369
60.1443,19,0,50528429
60.0628,19,0,50628484
60.0561,19,0,50728539
60.0177,19,0,50828594
60.0829,20,0,50928616
60.2136,20,0,51028670
59.8592,20,0,51128724
59.8837,20,0,51228779
59.8954,20,0,51328836
60.7878,19,0,51428889
60.2426,19,0,51528944
60.1892,19,0,51628998
60.0843,19,0,51729052
60.0135,19,0,51829106
60.9775,19,0,51929156
60.3755,19,0,52029212
60.2109,19,0,52129266
60.1104,19,0,52229320
60.1045,19,0,52329374
58.2513,18,0,52429429
59.5476,18,0,52529484
59.8791,18,0,52629539
59.9352,18,0,52729595
59.8649,18,0,52829650
57.6768,20,0,52929705
59.911,20,0,53029760
60.034,20,0,53129815
59.999,20,0,53229870
59.9791,20,0,53329924
61.0463,19,0,53429978
60.2052,19,0,53530033
59.9321,19,0,53630088
60.0711,19,0,53730143
60.001,19,0,53830197
59.9129,19,0,53930251
60.7054,19,0,54030306
60.2712,19,0,54130361
60.2674,19,0,54230416
60.1448,19,0,54330471
60.1172,19,0,54430525
59.8688,19,0,54530580
59.9873,19,0,54630635
60.087,19,0,54730689
59.7772,19,0,54830744
60.0216,19,0,54930801
60.3333,19,1,55030856
59.9743,19,1,55130910
60.1108,19,1,55230966
59.805,19,1,55331023
60.0231,19,1,55431078
59.6851,20,1,55531133
59.8213,20,1,55631188
60.0071,20,1,55731244
60.0536,20,1,55831272
60.054,20,1,55931328
60.6458,18,1,56031383
59.8366,18,1,56131437
60.2251,18,1,56231501
59.9675,18,1,56331556
59.9657,18,1,56431614
60.8058,20,21,56531669
60.7302,20,21,56631725
60.4047,20,21,56731780
60.4014,20,21,56831835
60.2361,20,21,56931891
60.0637,18,0,57031946
59.6403,18,0,57132002
59.8549,18,0,57232057
59.5314,18,0,57332112
59.6326,18,0,57432168
58.4385,20,1,57532223
60.5583,20,1,57632280
60.2056,20,1,57732338
60.1836,20,1,57832393
60.1751,20,1,57932455
60.2325,20,0,58032488
60.014,20,0,58132543
60.0747,20,0,58232599
60.0297,20,0,58332653
59.9358,20,0,58432709
60.5388,18,0,58532763
59.9624,18,0,58632819
60.0966,18,0,58732876
60.0211,18,0,58832933
60.0613,18,0,58932997
60.7533,17,0,59033053
59.6561,17,0,59133108
60.1196,17,0,59233164
60.1587,17,0,59333219
59.9469,17,0,59433275
60.518,18,0,59533330
60.1535,18,0,59633385
60.1013,18,0,59733440
60.0236,18,0,59833495
60.044,18,0,59933549
57.7534,17,0,60033603
59.8495,17,0,60133657
59.8287,17,0,60233712
59.8778,17,0,60333768
59.9341,17,0,60433822
62.1736,18,0,60533876
60.2638,18,0,60633932
59.9874,18,0,60733988
59.9954,18,0,60834042
60.111,18,0,60934098
60.0249,17,7,61034154
60.2531,17,7,61134203
60.0537,17,7,61234260
60.0575,17,7,61334316
60.0071,17,7,61434373
59.9766,17,0,61534430
59.7562,17,0,61634486
59.295,17,0,61734540
59.2427,17,0,61834596
59.5142,17,0,61934653
59.7228,24,1,62034709
60.361,24,1,62134765
59.7517,24,1,62234821
60.5531,24,1,62334876
60.1715,24,1,62434895
60.3125,24,1,62534949
60.9526,22,0,62635003
60.2248,22,0,62735058
60.2346,22,0,62835100
60.235,22,0,62935148
60.1537,22,0,63035201
59.1419,20,0,63135256
59.7129,20,0,63235310
59.8361,20,0,63335365
59.9284,20,0,63435419
59.8947,20,0,63535475
59.5398,19,22,63635529
59.8312,19,22,63735584
59.9354,19,22,63835638
59.7662,19,22,63935692
59.9487,19,22,64035747
59.4204,20,1,64135801
59.6516,20,1,64235822
59.874,20,1,64335877
59.9195,20,1,64435930
59.8605,20,1,64535988
59.9359,19,1,64636044
59.8806,19,1,64736098
59.9359,19,1,64836154
59.4823,19,1,64936208
59.5769,19,1,65036266
60.3655,22,4,65136323
60.1601,22,4,65236377
60.0646,22,4,65336432
60.2811,22,4,65436486
60.1955,22,4,65536541
58.5686,23,0,65636598
59.7201,23,0,65736655
59.6334,23,0,65836711
59.7616,23,0,65936766
59.6999,23,0,66036821
56.2156,20,1,66136876
59.5944,20,1,66236934
59.3963,20,1,66336989
59.7933,20,1,66437044
59.996,20,1,66537098
62.4863,21,0,66637154
60.6943,21,0,66737208
60.2651,21,0,66837265
60.2542,21,0,66937322
60.2191,21,0,67037377
58.524,18,0,67137433
59.9351,18,0,67237491
60.174,18,0,67337546
60.1078,18,0,67437602
60.0469,18,0,67537658
60.0511,18,0,67637713
59.9203,18,0,67737768
59.8823,18,0,67837823
59.8546,18,0,67937879
59.8777,18,0,68037929
59.7057,19,0,68137985
59.9263,19,0,68238042
59.9715,19,0,68338097
60.0284,19,0,68438151
60.2215,19,0,68538202
59.8591,22,0,68638257
60.8088,22,0,68738315
60.0402,22,0,68838376
60.1554,22,0,68938431
60.1192,22,0,69038485
60.1034,22,0,69138539
59.7443,23,0,69238595
60.9064,23,0,69338649
60.7236,23,0,69438707
60.2834,23,0,69538764
60.3186,23,0,69638821
60.6244,20,0,69738879
59.8512,20,0,69838935
60.0323,20,0,69938993
60.0366,20,0,70039048
60.0405,20,0,70139106
60.7423,20,2,70239157
59.9369,20,2,70339215
60.1152,20,2,70439273
60.0731,20,2,70539310
60.057,20,2,70639326
59.9077,20,1,70739381
60.044,20,1,70839436
59.919,20,1,70939492
60.0822,20,1,71039548
60.0768,20,1,71139606
59.2645,19,0,71239663
60.0916,19,0,71339720
59.7941,19,0,71439777
60.0386,19,0,71539834
60.0603,19,0,71639890
60.9756,19,6,71739946
60.1452,19,6,71840001
60.0553,19,6,71940055
60.0331,19,6,72040109
59.9974,19,6,72140165
60.0334,19,0,72240220
60.1106,19,0,72340275
60.0354,19,0,72440329
59.9484,19,0,72540383
59.9819,19,0,72640438
59.9034,19,0,72740493
60.2585,19,0,72840547
60.1576,19,0,72940602
60.0853,19,0,73040657
60.1273,19,0,73140711
60.1429,19,0,73240765
59.9851,19,0,73340819
60.109,19,0,73440874
60.1617,19,0,73540928
60.1109,19,0,73640971
60.0286,19,0,73741026
60.5965,19,1,73841081
60.0666,19,1,73941135
60.0647,19,1,74041190
60.0754,19,1,74141245
59.9989,19,1,74241299
60.8628,21,0,74341354
60.2505,21,0,74441408
60.0823,21,0,74541464
60.1756,21,0,74641519
60.0349,21,0,74741573
59.7006,19,0,74841627
59.8885,19,0,74941681
60.0283,19,0,75041735
60.0745,19,0,75141789
59.9834,19,0,75241845
60.6401,21,1,75341899
59.9247,21,1,75441954
60.1748,21,1,75542009
60.1257,21,1,75642027
60.1057,21,1,75742082
60.794,21,1,75842136
60.2684,21,1,75942190
60.1393,21,1,76042246
60.1049,21,1,76142301
60.0813,21,1,76242359
61.8487,19,0,76342417
60.2138,19,0,76442472
60.131,19,0,76542488
60.1383,19,0,76642547
60.0302,19,0,76742557
56.8764,21,0,76842612
59.6227,21,0,76942669
59.7344,21,0,77042716
59.8265,21,0,77142771
59.921,21,0,77242830
56.7054,20,1,77342955
59.5552,20,1,77443013
59.9841,20,1,77543069
59.9435,20,1,77643124
59.8939,20,1,77743181
60.1431,20,1,77843236
59.7907,20,1,77943291
60.0215,20,1,78043346
59.8812,20,1,78143400
59.9738,20,1,78243459
59.9662,20,2,78343514
60.4412,20,2,78443570
60.1772,20,2,78543624
60.0749,20,2,78643679
59.9759,20,2,78743734
60.0573,20,2,78843789
60.5466,20,0,78943844
60.0591,20,0,79043899
59.9307,20,0,79143955
60.1082,20,0,79244010
59.7863,20,0,79344034
60.7541,19,0,79444090
60.5337,19,0,79544145
60.3004,19,0,79644203
60.2642,19,0,79744257
60.1146,19,0,79844311
59.8024,18,2,79944368
59.9693,18,2,80044424
59.677,18,2,80144482
59.8995,18,2,80244541
59.8896,18,2,80344598
60.07,18,5,80444655
60.0799,18,5,80544713
59.8193,18,5,80644769
60.0376,18,5,80744826
59.9621,18,5,80844883
60.4002,19,2,80944940
60.081,19,2,81044996
59.9184,19,2,81145050
59.9839,19,2,81245109
60.0037,19,2,81345163
60.5473,19,1,81445218
60.3869,19,1,81545275
60.202,19,1,81645330
60.0654,19,1,81745384
60.1375,19,1,81845439
60.6538,19,1,81945494
60.3559,19,1,82045549
60.1504,19,1,82145603
59.938,19,1,82245659
60.0569,19,1,82345716
60.8384,20,1,82445771
59.7321,20,1,82545822
59.9991,20,1,82645878
59.9256,20,1,82745933
59.9913,20,1,82845990
60.831,20,1,82946047
60.1592,20,1,83046110
60.0085,20,1,83146168
60.0511,20,1,83246224
60.0176,20,1,83346281
59.9826,21,0,83446338
59.7383,21,0,83546396
59.8767,21,0,83646452
59.7987,21,0,83746507
59.7617,21,0,83846563
59.6131,22,1,83946620
59.622,22,1,84046675
60.0583,22,1,84146734
59.9514,22,1,84246791
60.2148,22,1,84346846
60.074,22,1,84446902
61.2963,24,3,84546964
60.5923,24,3,84647023
60.4507,24,3,84747079
60.3288,24,3,84847133
60.2327,24,3,84947189
59.2129,19,2,85047244
59.7469,19,2,85147301
59.9197,19,2,85247357
59.8106,19,2,85347413
60.113,19,2,85447469
59.1235,20,1,85547525
59.7496,20,1,85647581
59.859,20,1,85747643
59.8626,20,1,85847698
59.5546,20,1,85947756
59.4389,22,0,86047812
59.8025,22,0,86147868
59.8977,22,0,86247924
60.0109,22,0,86347980
60.0467,22,0,86448036
60.7155,16,1,86548093
60.4226,16,1,86648149
60.2095,16,1,86748205
60.1297,16,1,86848261
60.0557,16,1,86948318
61.2145,18,0,87048374
60.1741,18,0,87148432
60.2826,18,0,87248489
60.1332,18,0,87348546
60.0116,18,0,87448603
59.3718,19,0,87548659
59.9687,19,0,87648715
60.0451,19,0,87748772
59.8303,19,0,87848828
59.9555,19,0,87948885
59.2962,20,0,88048944
60.2959,20,0,88149001
60.7433,20,0,88249059
60.3896,20,0,88349109
60.3167,20,0,88449157
54.49,21,4,88549213
59.7662,21,4,88649270
59.7712,21,4,88749327
59.9441,21,4,88849384
59.807,21,4,88949396
59.919,18,2,89049452
59.9197,18,2,89149509
60.0006,18,2,89249566
59.9253,18,2,89349623
59.9535,18,2,89449680
60.0391,18,2,89549736
59.6424,18,0,89649792
59.8767,18,0,89749850
59.8025,18,0,89849907
59.8907,18,0,89949963
59.8084,18,0,90050020
59.6424,17,1,90150076
60.0696,17,1,90250133
60.104,17,1,90350190
60.0627,17,1,90450246
59.9527,17,1,90550303
59.4654,20,1,90650360
59.7218,20,1,90750420
59.9022,20,1,90850477
59.9787,20,1,90950534
59.9248,20,1,91050590
60.3082,19,1,91150647
59.9833,19,1,91250704
60.0414,19,1,91350760
59.6749,19,1,91450817
59.6496,19,1,91550874
61.079,20,1,91650932
60.3191,20,1,91750989
60.2598,20,1,91851046
59.9529,20,1,91951104
60.1238,20,1,92051160
60.2458,19,4,92151218
60.0733,19,4,92251275
60.2548,19,4,92351331
60.2002,19,4,92451391
60.1069,19,4,92551448
59.24,19,17,92651505
59.8417,19,17,92751561
59.9261,19,17,92851620
59.8632,19,17,92951677
59.8855,19,17,93051733
59.3014,19,1,93151789
59.6389,19,1,93251849
59.63,19,1,93351905
59.8659,19,1,93451962
59.8172,19,1,93552021
57.0125,19,1,93652051
59.7203,19,1,93752111
59.6341,19,1,93852172
59.7753,19,1,93952229
59.7726,19,1,94052286
58.9136,21,50,94152343
59.8639,21,50,94252399
60.0343,21,50,94352455
59.8759,21,50,94452497
60.0025,21,50,94552553
59.91,18,1,94652613
59.8247,18,1,94752669
60.0604,18,1,94852727
60.0607,18,1,94952784
60.0706,18,1,95052841
60.049,18,1,95152897
58.9428,21,1,95252953
59.3005,21,1,95353011
59.7288,21,1,95453067
59.8618,21,1,95553123
59.8891,21,1,95653179
59.5507,19,3,95753223
59.9851,19,3,95853280
59.8103,19,3,95953343
59.965,19,3,96053399
59.931,19,3,96153455
60.2446,20,1,96253510
59.8211,20,1,96353568
60.0276,20,1,96453624
59.9955,20,1,96553681
59.8974,20,1,96653739
60.192,18,22,96753793
60.086,18,22,96853878
60.0765,18,22,96953933
59.9983,18,22,97053988
60.0866,18,22,97154042
59.466,19,0,97254068
60.0472,19,0,97354125
59.9504,19,0,97454183
59.9983,19,0,97554239
60.0084,19,0,97654296
60.7386,18,1,97754351
59.8197,18,1,97854408
60.044,18,1,97954465
59.9611,18,1,98054521
59.9835,18,1,98154577
60.0006,18,1,98254632
60.0335,18,1,98354688
59.9241,18,1,98454743
59.9977,18,1,98554798
60.0032,18,1,98654854
60.2646,18,1,98754909
59.8095,18,1,98854963
60.0065,18,1,98955017
60.0647,18,1,99055072
59.9881,18,1,99155128
60.1395,19,1,99255184
60.388,19,1,99355240
60.1284,19,1,99455297
60.0178,19,1,99555355
60.1053,19,1,99655412
60.0712,18,0,99755468
60.0811,18,0,99855525
59.9395,18,0,99955583
60.01,18,0,100055638
59.9844,18,0,100155693
60.0629,18,0,100255748
58.8831,18,1,100355804
59.6558,18,1,100455827
59.7859,18,1,100555885
59.8555,18,1,100655941
59.7736,18,1,100755998
59.8358,18,2,100856054
59.7816,18,2,100956111
59.9764,18,2,101056167
60.001,18,2,101156224
60.002,18,2,101256281
59.7354,19,2,101356338
59.5082,19,2,101456394
59.8677,19,2,101556450
59.9939,19,2,101656508
59.9603,19,2,101756567
58.6843,20,1,101856624
59.9137,20,1,101956681
59.7081,20,1,102056738
59.9368,20,1,102156794
59.9394,20,1,102256851
59.6528,18,1,102356908
60.0104,18,1,102456964
59.9336,18,1,102557025
59.8738,18,1,102657081
59.9453,18,1,102757138
60.9645,20,0,102857195
60.0392,20,0,102957252
60.1793,20,0,103057308
60.1109,20,0,103157365
60.0697,20,0,103257421
60.0114,19,2,103357477
59.9912,19,2,103457533
60.0639,19,2,103557576
60.0673,19,2,103657633
59.6686,19,2,103757689
59.1017,19,1,103857748
59.9115,19,1,103957803
59.8576,19,1,104057863
60.0929,19,1,104157922
60.1201,19,1,104257979
60,18,1,104358035
59.9634,18,1,104458091
60.205,18,1,104558147
59.9297,18,1,104658203
59.9076,18,1,104758259
60.0061,18,1,104858316
59.858,20,14,104958372
59.7729,20,14,105058427
59.8215,20,14,105158483
59.9542,20,14,105258539
59.9223,20,14,105358595
59.7807,19,2,105458652
60.0515,19,2,105558671
59.9954,19,2,105658727
59.9589,19,2,105758787
59.7625,19,2,105858846
59.1681,20,12,105958904
59.2404,20,12,106058964
59.5157,20,12,106159024
60.1686,20,12,106259080
60.0735,20,12,106359139
59.4336,21,3,106459151
59.7611,21,3,106559205
59.9112,21,3,106659262
59.8954,21,3,106759319
59.8491,21,3,106859373
59.024,18,6,106959429
59.8989,18,6,107059486
59.7798,18,6,107159542
59.8148,18,6,107259598
59.8114,18,6,107359653
59.1436,18,0,107459708
59.8312,18,0,107559765
60.0335,18,0,107659822
59.9596,18,0,107759877
59.9716,18,0,107859931
59.5711,18,2,107959988
60.1263,18,2,108060050
60.0598,18,2,108160105
59.9522,18,2,108260160
60.0577,18,2,108360216
60.5132,19,1,108460273
60.2769,19,1,108560329
60.1677,19,1,108660383
60.0544,19,1,108760440
60.0756,19,1,108860499
57.8972,19,1,108960558
59.751,19,1,109060617
59.8252,19,1,109160677
59.9102,19,1,109260733
59.9153,19,1,109360790
59.6338,20,2,109460847
60.4335,20,2,109560904
60.1078,20,2,109660963
60.0137,20,2,109761022
60.0687,20,2,109861081
58.2038,20,1,109961135
59.3744,20,1,110061189
59.9125,20,1,110161243
59.8182,20,1,110261298
60.0001,20,1,110361325
61.6409,21,14,110461380
59.6166,21,14,110561435
59.8709,21,14,110661490
60.0058,21,14,110761545
60.1354,21,14,110861600
60.0256,19,1,110961630
60.0655,19,1,111061685
60.2412,19,1,111161740
60.1826,19,1,111261795
60.0862,19,1,111361849
59.8952,20,1,111461905
60.5541,20,1,111561961
60.4502,20,1,111662017
60.2347,20,1,111762072
60.2263,20,1,111862128
65.4022,19,0,111962184
60.7618,19,0,112062238
60.4558,19,0,112162293
60.2622,19,0,112262347
60.1413,19,0,112362402
60.1783,19,6,112462457
59.9754,19,6,112562486
59.9481,19,6,112662542
59.9034,19,6,112762596
59.9221,19,6,112862651
59.9658,18,4,112962661
59.714,18,4,113062717
60.0141,18,4,113162778
60.0234,18,4,113262825
60.0548,18,4,113362880
59.9718,19,1,113462935
60.6244,19,1,113562990
60.2331,19,1,113663045
60.1803,19,1,113763100
60.0065,19,1,113863108
60.0823,19,1,113963168
59.7679,17,1,114063225
59.5096,17,1,114163280
60.1519,17,1,114263335
60.1546,17,1,114363390
59.8983,17,1,114463445
60.54,20,0,114563500
60.4399,20,0,114663555
60.2279,20,0,114763608
60.1472,20,0,114863662
60.1861,20,0,114963713
60.9496,19,2,115063778
58.9017,19,2,115163837
59.3897,19,2,115263891
59.5724,19,2,115363948
60.0283,19,2,115464003
60.595,22,0,115564057
60.282,22,0,115664111
60.0641,22,0,115764166
59.9256,22,0,115864220
59.8754,22,0,115964275
60.0853,22,18,116064330
59.5073,22,18,116164385
59.5512,22,18,116264441
59.8095,22,18,116364498
59.2716,22,18,116464554
60.6845,26,0,116564609
60.3865,26,0,116664665
60.2942,26,0,116764721
60.0238,26,0,116864776
60.2142,26,0,116964832
58.5429,24,3,117064889
60.5185,24,3,117164947
59.9577,24,3,117265001
59.848,24,3,117365089
59.9088,24,3,117465144
58.1632,25,0,117565199
59.8582,25,0,117665256
59.9645,25,0,117765313
60.0255,25,0,117865369
60.0462,25,0,117965425
61.0836,25,0,118065481
59.5603,25,0,118165535
59.684,25,0,118265574
59.7475,25,0,118365630
59.6637,25,0,118465684
57.7567,24,1,118565738
59.9639,24,1,118665793
59.747,24,1,118765816
59.4445,24,1,118865870
60.1579,24,1,118965925
58.9762,22,1,119065979
59.3286,22,1,119166035
59.5541,22,1,119266090
59.898,22,1,119366145
60.0329,22,1,119466204
60.1974,24,0,119566259
59.4273,24,0,119666314
60.3691,24,0,119766370
59.9738,24,0,119866430
60.0886,24,0,119966489
60.1251,22,30,120066546
60.1884,22,30,120166602
60.0075,22,30,120266633
59.811,22,30,120366689
59.8749,22,30,120466755
59.8403,23,0,120566812
59.6101,23,0,120666870
59.7104,23,0,120766928
59.888,23,0,120866984
59.5814,23,0,120967040
59.8216,25,1,121067095
102.172,25,1,121167151
122.691,25,1,121267187
129.323,25,1,121367247
132.816,25,1,121467302
143.554,39,0,121567360
143.882,39,0,121667417
143.84,39,0,121767472
143.836,39,0,121867532
143.821,39,0,121967591
143.205,39,98,122067660
143.748,39,98,122167716
143.817,39,98,122267772
143.826,39,98,122367827
143.775,39,98,122467883
142.47,39,98,122567941
143.826,39,98,122667996
143.857,39,98,122768050
143.834,39,98,122868105
143.837,39,98,122968158
144.009,37,48,123068553
143.975,37,48,123168607
143.838,37,48,123268665
143.843,37,48,123368720
143.851,37,48,123468773
144.509,35,56,123568831
143.837,35,56,123668887
143.828,35,56,123768946
143.85,35,56,123869004
143.861,35,56,123969060
144.051,33,97,124069119
143.913,33,97,124169150
143.855,33,97,124269207
143.856,33,97,124369261
143.861,33,97,124469315
143.802,33,98,124569371
143.748,33,98,124669425
143.836,33,98,124769479
143.879,33,98,124869544
143.862,33,98,124969600
142.939,35,48,125069655
143.816,35,48,125169710
143.81,35,48,125269770
143.844,35,48,125369828
143.862,35,48,125469885
142.898,39,48,125569941
143.885,39,48,125669998
143.83,39,48,125770054
143.871,39,48,125870115
143.808,39,48,125970170
143.513,40,22,126070226
143.754,40,22,126170284
143.805,40,22,126270329
143.843,40,22,126370384
143.826,40,22,126470442
142.939,41,99,126570497
143.852,41,99,126670556
143.849,41,99,126770611
143.849,41,99,126870664
143.833,41,99,126970718
144.404,39,22,127070773
143.904,39,22,127170832
143.843,39,22,127270887
143.84,39,22,127370945
143.866,39,22,127471000
143.839,35,48,127571059
143.864,35,48,127671118
143.865,35,48,127771172
143.85,35,48,127871229
143.857,35,48,127971286
143.853,36,47,128071343
143.848,36,47,128171402
143.879,36,47,128271413
143.859,36,47,128371471
143.878,36,47,128471528
143.836,36,99,128571584
143.955,36,99,128671641
143.933,36,99,128771696
143.848,36,99,128871752
143.85,36,99,128971807
143.83,38,32,129071861
144.065,38,32,129171917
143.943,38,32,129271972
143.895,38,32,129372026
143.889,38,32,129472083
143.894,38,48,129572138
143.832,38,48,129672160
143.85,38,48,129772218
143.818,38,48,129872274
143.829,38,48,129972331
143.832,40,99,130072386
143.906,40,99,130172444
143.884,40,99,130272488
143.863,40,99,130372544
143.857,40,99,130472602
143.869,38,23,130572659
143.797,38,23,130672715
143.86,38,23,130772774
143.812,38,23,130872830
143.835,38,23,130972885
143.848,38,98,131072941
143.794,38,98,131173001
143.849,38,98,131273056
143.859,38,98,131373111
143.852,38,98,131473171
143.851,36,99,131573225
143.841,36,99,131673282
143.848,36,99,131773343
143.854,36,99,131873397
143.845,36,99,131973455
143.833,35,46,132073511
143.908,35,46,132173568
143.861,35,46,132273624
143.87,35,46,132373682
143.875,35,46,132473738
143.869,36,27,132573793
143.821,36,27,132673849
143.835,36,27,132773908
143.843,36,27,132873963
143.836,36,27,132974020
143.835,37,47,133074076
143.873,37,47,133174131
143.834,37,47,133274192
143.847,37,47,133374254
143.841,37,47,133474311
143.863,37,22,133574358
143.777,37,22,133674412
143.819,37,22,133774467
143.807,37,22,133874522
143.825,37,22,133974578
143.845,34,96,134074634
143.861,34,96,134174688
143.821,34,96,134274747
143.818,34,96,134374802
143.843,34,96,134474837
143.801,35,24,134574896
143.954,35,24,134674950
143.958,35,24,134775008
143.879,35,24,134875066
143.901,35,24,134975114
143.885,39,48,135075174
143.839,39,48,135175229
143.848,39,48,135275288
143.842,39,48,135375343
143.845,39,48,135475397
143.86,37,24,135575403
143.858,37,24,135675456
143.84,37,24,135775513
143.824,37,24,135875570
143.846,37,24,135975627
143.833,33,46,136075684
143.866,33,46,136175742
143.893,33,46,136275800
143.875,33,46,136375821
143.865,33,46,136475877
143.859,36,6,136575931
143.891,36,6,136675986
143.858,36,6,136776043
143.855,36,6,136876097
143.856,36,6,136976151
143.841,34,97,137076209
143.767,34,97,137176223
143.836,34,97,137276280
143.829,34,97,137376336
143.844,34,97,137476390
143.856,36,28,137576446
143.876,36,28,137676504
136.703,36,28,137776560
137.166,36,28,137876615
138.801,36,28,137976672
139.845,36,23,138076729
143.901,36,23,138176785
143.86,36,23,138276841
143.864,36,23,138376897
143.857,36,23,138476952
143.857,35,24,138577007
143.843,35,24,138677062
143.848,35,24,138777116
143.839,35,24,138877174
143.814,35,24,138977228
143.847,33,99,139077285
143.849,33,99,139177340
143.786,33,99,139277394
143.843,33,99,139377451
143.866,33,99,139477510
143.84,36,99,139577565
143.944,36,99,139677621
143.829,36,99,139777675
143.876,36,99,139877730
143.865,36,99,139977785
143.844,36,47,140077839
143.889,36,47,140177895
143.816,36,47,140277948
143.897,36,47,140378003
143.895,36,47,140478057
143.862,34,34,140578116
143.917,34,34,140678172
143.714,34,34,140778228
143.814,34,34,140878282
143.87,34,34,140978336
143.828,34,34,141078391
143.842,35,97,141178448
143.829,35,97,141278507
143.874,35,97,141378565
143.867,35,97,141478621
143.847,35,97,141578675
143.747,36,8,141678734
143.844,36,8,141778790
143.858,36,8,141878845
143.852,36,8,141978900
143.843,36,8,142078954
143.885,30,98,142179010
143.821,30,98,142279066
143.862,30,98,142379120
143.858,30,98,142479151
143.846,30,98,142579205
143.866,31,99,142679266
143.835,31,99,142779323
143.857,31,99,142879383
143.846,31,99,142979441
139.799,31,99,143079497
143.867,30,87,143179554
143.843,30,87,143279610
143.868,30,87,143379667
143.853,30,87,143479725
143.803,30,87,143579781
143.852,32,98,143679837
143.855,32,98,143779892
143.859,32,98,143879947
143.847,32,98,143980001
143.857,32,98,144080056
143.846,30,11,144180113
143.858,30,11,144280167
143.843,30,11,144380205
143.845,30,11,144480260
143.851,30,11,144580315
143.867,27,11,144680371
143.844,27,11,144780426
143.825,27,11,144880481
143.851,27,11,144980536
143.848,27,11,145080591
143.824,25,24,145180646
143.848,25,24,145280654
143.841,25,24,145380708
143.847,25,24,145480765
143.847,25,24,145580819
143.883,32,60,145680873
143.853,32,60,145780927
143.855,32,60,145880982
143.856,32,60,145981038
143.85,32,60,146081093
143.839,28,23,146181147
143.849,28,23,146281202
143.845,28,23,146381256
143.848,28,23,146481311
143.853,28,23,146581366
143.856,27,19,146681420
143.856,27,19,146781474
143.857,27,19,146881531
143.838,27,19,146981588
143.844,27,19,147081645
143.958,32,37,147181699
143.869,32,37,147281760
143.88,32,37,147381815
143.851,32,37,147481869
143.869,32,37,147581924
143.788,29,24,147681978
143.848,29,24,147782032
143.848,29,24,147882088
143.864,29,24,147982143
143.839,29,24,148082201
143.968,33,41,148182257
143.845,33,41,148282318
143.813,33,41,148382376
143.885,33,41,148482434
143.875,33,41,148582487
143.901,33,25,148682543
143.839,33,25,148782603
143.887,33,25,148882627
143.871,33,25,148982683
143.855,33,25,149082740
143.906,31,23,149182796
143.903,31,23,149282853
143.891,31,23,149382911
143.866,31,23,149482966
143.86,31,23,149583020
143.786,29,11,149683077
143.855,29,11,149783137
143.862,29,11,149883196
143.843,29,11,149983251
143.843,29,11,150083307
143.829,31,44,150183364
143.879,31,44,150283421
143.875,31,44,150383478
143.846,31,44,150483534
143.863,31,44,150583595
143.834,26,99,150683651
143.822,26,99,150783710
143.843,26,99,150883767
143.847,26,99,150983801
143.846,26,99,151083859
143.81,29,23,151183921
143.805,29,23,151283978
143.82,29,23,151384036
143.843,29,23,151484100
143.854,29,23,151584157
143.816,27,99,151684213
143.81,27,99,151784267
143.851,27,99,151884322
143.817,27,99,151984383
143.83,27,99,152084440
143.859,26,24,152184496
143.866,26,24,152284552
143.849,26,24,152384615
143.849,26,24,152484671
143.857,26,24,152584729
143.848,25,12,152684786
143.834,25,12,152784842
143.805,25,12,152884900
143.857,25,12,152984956
143.829,25,12,153085014
143.898,27,46,153185072
143.831,27,46,153285129
143.865,27,46,153385188
143.841,27,46,153485245
143.855,27,46,153585302
143.931,24,24,153685360
143.873,24,24,153785416
143.86,24,24,153885473
143.855,24,24,153985529
143.846,24,24,154085586
143.81,25,23,154185641
143.844,25,23,154285695
143.882,25,23,154385752
143.848,25,23,154485806
143.832,25,23,154585869
143.805,26,11,154685923
143.856,26,11,154785978
143.877,26,11,154886034
143.822,26,11,154986091
143.862,26,11,155086147
143.699,35,23,155186207
143.84,35,23,155286225
143.827,35,23,155386281
143.83,35,23,155486339
143.831,35,23,155586396
143.971,32,99,155686417
143.942,32,99,155786474
143.92,32,99,155886528
143.877,32,99,155986592
143.871,32,99,156086648
144.02,29,97,156186707
143.887,29,97,156286764
143.812,29,97,156386820
143.892,29,97,156486877
143.855,29,97,156586933
143.84,30,11,156686990
143.821,30,11,156787048
143.818,30,11,156887106
143.855,30,11,156987163
143.86,30,11,157087219
143.837,31,99,157187276
143.802,31,99,157287331
143.84,31,99,157387387
143.849,31,99,157487442
143.833,31,99,157587499
143.893,31,11,157687554
143.895,31,11,157787608
143.852,31,11,157887664
143.862,31,11,157987720
143.865,31,11,158087745
143.944,34,98,158187762
143.911,34,98,158287817
143.85,34,98,158387871
143.806,34,98,158487928
143.849,34,98,158587982
143.826,30,29,158688039
143.815,30,29,158788100
143.806,30,29,158888159
143.852,30,29,158988215
143.805,30,29,159088271
143.88,34,98,159188328
143.853,34,98,159288385
143.9,34,98,159388441
143.845,34,98,159488499
143.883,34,98,159588555
143.931,34,98,159688612
143.895,34,98,159788672
143.888,34,98,159888728
143.877,34,98,159988786
143.856,34,98,160088841
143.92,32,23,160188896
143.88,32,23,160288951
143.876,32,23,160389005
143.849,32,23,160489062
143.839,32,23,160589119
144.066,32,11,160689151
143.899,32,11,160789206
143.904,32,11,160889261
143.904,32,11,160989318
143.887,32,11,161089374
143.881,34,23,161189433
143.551,34,23,161289492
143.845,34,23,161389541
143.815,34,23,161489598
143.844,34,23,161589652
143.8,31,98,161689707
143.842,31,98,161789765
143.803,31,98,161889820
143.848,31,98,161989874
143.832,31,98,162089928
143.744,27,44,162189981
143.829,27,44,162290038
143.814,27,44,162390094
143.805,27,44,162490150
143.839,27,44,162590206
143.806,28,99,162690262
143.804,28,99,162790291
143.838,28,99,162890345
143.834,28,99,162990401
143.818,28,99,163090459
143.899,33,23,163190516
143.873,33,23,163290571
143.887,33,23,163390626
143.859,33,23,163490682
143.867,33,23,163590737
143.694,31,21,163690793
143.795,31,21,163790850
143.858,31,21,163890907
143.84,31,21,163990961
143.854,31,21,164091015
143.807,34,90,164191069
143.87,34,90,164291127
143.859,34,90,164391172
143.862,34,90,164491226
143.857,34,90,164591282
143.861,33,11,164691336
143.811,33,11,164791393
143.828,33,11,164891448
143.819,33,11,164991502
143.85,33,11,165091558
143.776,35,98,165191612
143.84,35,98,165291667
143.841,35,98,165391722
143.86,35,98,165491776
143.846,35,98,165591833
143.847,35,41,165691892
143.889,35,41,165791950
143.866,35,41,165892092
143.838,35,41,165992150
143.864,35,41,166092214
143.838,34,47,166192270
143.881,34,47,166292326
143.818,34,47,166392386
143.84,34,47,166492441
143.821,34,47,166592478
143.823,34,51,166692532
143.842,34,51,166792586
143.849,34,51,166892647
143.848,34,51,166992701
143.854,34,51,167092758
143.819,35,23,167192813
143.829,35,23,167292868
143.85,35,23,167392925
143.866,35,23,167492980
143.859,35,23,167593037
143.856,35,26,167693091
143.83,35,26,167793145
143.867,35,26,167893204
143.857,35,26,167993260
143.833,35,26,168093318
143.756,36,99,168193377
143.814,36,99,168293440
143.821,36,99,168393498
143.815,36,99,168493553
143.838,36,99,168593608
143.878,36,99,168693662
143.882,36,99,168793717
143.868,36,99,168893775
143.869,36,99,168993829
143.859,36,99,169093884
143.83,35,24,169193941
143.848,35,24,169293998
143.863,35,24,169394056
143.845,35,24,169494112
143.852,35,24,169594167
143.833,37,25,169694231
143.851,37,25,169794286
143.86,37,25,169894343
143.856,37,25,169994401
143.856,37,25,170094459
143.771,36,23,170194518
143.816,36,23,170294575
143.868,36,23,170394630
143.857,36,23,170494685
143.861,36,23,170594741
143.811,34,26,170694800
143.816,34,26,170794855
143.81,34,26,170894912
143.836,34,26,170994968
143.844,34,26,171095025
143.85,35,23,171195083
143.844,35,23,171295140
143.846,35,23,171395195
143.843,35,23,171495259
143.847,35,23,171595317
143.79,35,39,171695376
143.808,35,39,171795432
143.837,35,39,171895478
143.842,35,39,171995542
143.846,35,39,172095598
143.942,36,56,172195656
143.87,36,56,172295714
143.846,36,56,172395770
143.861,36,56,172495819
143.847,36,56,172595876
143.887,34,12,172695931
143.804,34,12,172795987
143.874,34,12,172896041
143.857,34,12,172996104
143.831,34,12,173096110
143.716,34,99,173196172
143.786,34,99,173296229
143.84,34,99,173396286
143.844,34,99,173496365
143.834,34,99,173596431
143.664,37,99,173696487
143.851,37,99,173796542
143.852,37,99,173896598
143.833,37,99,173996658
143.847,37,99,174096716
143.816,38,23,174196772
143.868,38,23,174296829
143.854,38,23,174396885
143.842,38,23,174496941
143.821,38,23,174596996
143.81,37,27,174697053
143.857,37,27,174797110
143.781,37,27,174897164
143.826,37,27,174997219
143.842,37,27,175097273
143.887,38,49,175197327
143.945,38,49,175297384
143.853,38,49,175397438
143.869,38,49,175497493
143.864,38,49,175597548
143.891,39,25,175697566
143.98,39,25,175797630
143.9,39,25,175897654
143.841,39,25,175997708
143.875,39,25,176097764
143.896,36,23,176197818
143.861,36,23,176297875
143.848,36,23,176397930
143.863,36,23,176497983
143.817,36,23,176598040
143.892,36,22,176698094
143.898,36,22,176798151
143.859,36,22,176898200
143.842,36,22,176998254
143.821,36,22,177098313
143.913,37,50,177198367
143.929,37,50,177298423
143.897,37,50,177398478
143.898,37,50,177498533
143.872,37,50,177598589
143.781,39,25,177698643
143.856,39,25,177798700
143.843,39,25,177898755
143.846,39,25,177998811
143.816,39,25,178098867
143.968,37,41,178198923
143.941,37,41,178298979
143.925,37,41,178399035
143.902,37,41,178499088
143.909,37,41,178599149
143.842,37,25,178699204
143.885,37,25,178799258
143.887,37,25,178899315
143.896,37,25,178999370
143.875,37,25,179099426
143.998,39,23,179199484
143.785,39,23,179299538
143.908,39,23,179399594
143.889,39,23,179499649
143.879,39,23,179599704
143.757,39,25,179699760
143.82,39,25,179799815
143.801,39,25,179899873
143.84,39,25,179999929
143.846,39,25,180099987
144.043,37,23,180200046
143.937,37,23,180300101
143.838,37,23,180400157
143.865,37,23,180500210
143.864,37,23,180600266
143.804,39,66,180700313
143.839,39,66,180800368
143.856,39,66,180900425
143.859,39,66,181000480
143.835,39,66,181100534
144.17,37,99,181200591
143.885,37,99,181300646
143.872,37,99,181400706
143.879,37,99,181500763
143.894,37,99,181600792
143.911,36,25,181700851
143.963,36,25,181800908
143.936,36,25,181900963
143.889,36,25,182001017
143.882,36,25,182101072
143.911,35,22,182201129
143.835,35,22,182301184
143.897,35,22,182401238
143.88,35,22,182501292
143.877,35,22,182601346
143.87,39,21,182701403
143.877,39,21,182801456
143.867,39,21,182901512
143.833,39,21,183001567
143.837,39,21,183101621
144.005,34,23,183201644
143.931,34,23,183301698
143.828,34,23,183401753
143.869,34,23,183501808
143.825,34,23,183601864
143.898,39,98,183701920
143.922,39,98,183801975
143.9,39,98,183902030
143.892,39,98,184002091
143.891,39,98,184102147
143.891,35,23,184202203
143.878,35,23,184302258
143.847,35,23,184402315
143.853,35,23,184502374
143.816,35,23,184602430
143.785,31,98,184702480
143.859,31,98,184802537
143.854,31,98,184902593
143.851,31,98,185002649
143.839,31,98,185102705
143.838,30,23,185202764
143.816,30,23,185302820
143.873,30,23,185402875
143.847,30,23,185502934
143.846,30,23,185602990
143.693,32,22,185703046
143.892,32,22,185803100
143.876,32,22,185903155
143.857,32,22,186003211
143.827,32,22,186103267
143.875,29,29,186203322
143.936,29,29,186303380
143.836,29,29,186403435
143.875,29,29,186503491
143.762,29,29,186603546
143.906,31,22,186703602
143.935,31,22,186803661
143.88,31,22,186903716
143.847,31,22,187003770
143.873,31,22,187103825
143.723,32,23,187203886
143.767,32,23,187303943
143.784,32,23,187403997
143.789,32,23,187504057
143.776,32,23,187604117
143.862,30,97,187704162
143.838,30,97,187804225
143.818,30,97,187904282
143.833,30,97,188004340
143.843,30,97,188104396
143.748,30,98,188204454
143.91,30,98,188304509
143.853,30,98,188404564
143.862,30,98,188504619
143.854,30,98,188604674
143.858,30,99,188704728
143.824,30,99,188804783
143.879,30,99,188904838
143.851,30,99,189004893
143.846,30,99,189104948
143.993,31,98,189205003
143.895,31,98,189305059
143.835,31,98,189405114
143.84,31,98,189505170
143.864,31,98,189605227
143.817,34,97,189705282
143.907,34,97,189805339
143.854,34,97,189905397
143.862,34,97,190005452
143.877,34,97,190105508
143.682,35,25,190205563
143.848,35,25,190305624
143.888,35,25,190405682
143.865,35,25,190505739
143.887,35,25,190605794
143.794,36,22,190705811
143.752,36,22,190805866
143.808,36,22,190905920
143.835,36,22,191005975
143.83,36,22,191106030
143.678,36,98,191206056
143.846,36,98,191306113
143.838,36,98,191406167
143.845,36,98,191506222
143.861,36,98,191606279
143.775,35,47,191706333
143.871,35,47,191806391
143.856,35,47,191906450
143.839,35,47,192006470
143.826,35,47,192106525
143.978,34,98,192206579
143.857,34,98,192306635
143.877,34,98,192406690
143.874,34,98,192506744
143.848,34,98,192606801
143.997,34,47,192706850
143.892,34,47,192806910
143.93,34,47,192906970
143.861,34,47,193007025
143.863,34,47,193107080
144.051,37,24,193207135
143.872,37,24,193307190
143.894,37,24,193407252
143.902,37,24,193507308
143.878,37,24,193607363
143.819,39,47,193707423
143.872,39,47,193807479
143.864,39,47,193907538
143.868,39,47,194007593
143.855,39,47,194107649
143.798,34,15,194207704
143.869,34,15,194307758
143.837,34,15,194407814
143.836,34,15,194507869
143.839,34,15,194607925
144.034,34,49,194707979
143.845,34,49,194808036
143.836,34,49,194908092
143.857,34,49,195008146
143.866,34,49,195108202
143.86,33,28,195208257
143.791,33,28,195308313
143.845,33,28,195408373
143.845,33,28,195508427
143.843,33,28,195608483
143.872,32,47,195708538
143.811,32,47,195808593
143.826,32,47,195908651
143.833,32,47,196008708
143.868,32,47,196108719
143.906,36,49,196208777
143.817,36,49,196308832
143.859,36,49,196408887
143.843,36,49,196508942
143.842,36,49,196608996
144.04,35,84,196709024
143.811,35,84,196809081
143.875,35,84,196909143
143.861,35,84,197009199
143.872,35,84,197109256
143.854,35,48,197209318
143.856,35,48,197309375
143.836,35,48,197409432
143.819,35,48,197509489
143.861,35,48,197609545
143.658,34,95,197709604
143.809,34,95,197809660
143.814,34,95,197909717
143.84,34,95,198009773
143.827,34,95,198109828
143.922,36,71,198209886
143.781,36,71,198309940
143.862,36,71,198409998
143.862,36,71,198510053
143.848,36,71,198610108
143.885,30,24,198710166
143.843,30,24,198810220
143.854,30,24,198910276
143.874,30,24,199010337
143.856,30,24,199110392
143.997,34,98,199210448
143.854,34,98,199310503
143.89,34,98,199410557
143.874,34,98,199510615
143.87,34,98,199610669
143.957,36,98,199710724
144.009,36,98,199810782
143.944,36,98,199910836
143.916,36,98,200010894
143.895,36,98,200110948
144.071,35,23,200211003
143.922,35,23,200311057
143.9,35,23,200411111
143.911,35,23,200511169
143.877,35,23,200611236
143.68,33,97,200711292
143.712,33,97,200811348
143.845,33,97,200911403
143.827,33,97,201011468
143.822,33,97,201111523
143.999,34,52,201211581
143.9,34,52,201311640
143.884,34,52,201411697
143.853,34,52,201511757
143.856,34,52,201611814
143.581,34,98,201711871
143.704,34,98,201811930
143.858,34,98,201911988
143.843,34,98,202012048
143.793,34,98,202112103
143.962,32,51,202212159
143.838,32,51,202312215
143.836,32,51,202412270
143.841,32,51,202512326
143.849,32,51,202612381
143.883,33,95,202712436
143.88,33,95,202812481
143.865,33,95,202912536
143.847,33,95,203012592
143.855,33,95,203112647
143.763,33,70,203212701
143.814,33,70,203312759
143.87,33,70,203412816
143.82,33,70,203512872
143.83,33,70,203612934
143.94,35,98,203712993
143.887,35,98,203813052
143.886,35,98,203913110
143.882,35,98,204013168
143.877,35,98,204113228
143.761,35,98,204213285
143.738,35,98,204313344
143.856,35,98,204413401
143.803,35,98,204513434
143.847,35,98,204613502
143.779,35,99,204713559
143.786,35,99,204813619
143.86,35,99,204913676
143.845,35,99,205013756
143.818,35,99,205113818
143.821,32,31,205213875
143.875,32,31,205313937
143.897,32,31,205413994
143.861,32,31,205514051
143.835,32,31,205614115
143.529,35,38,205714174
143.887,35,38,205814236
143.86,35,38,205914259
143.862,35,38,206014315
143.854,35,38,206114371
143.74,36,98,206214436
143.825,36,98,206314490
143.829,36,98,206414545
143.807,36,98,206514600
143.841,36,98,206614657
143.561,34,99,206714713
143.716,34,99,206814768
143.796,34,99,206914826
143.847,34,99,207014880
143.789,34,99,207114938
143.742,34,66,207214993
143.893,34,66,207315050
143.861,34,66,207415106
143.872,34,66,207515161
143.842,34,66,207615216
143.821,36,47,207715272
143.781,36,47,207815327
143.855,36,47,207915383
143.865,36,47,208015439
143.842,36,47,208115494
144.002,35,21,208215530
143.887,35,21,208315585
143.822,35,21,208415640
143.824,35,21,208515695
143.839,35,21,208615750
144.021,34,23,208715809
143.841,34,23,208815864
143.865,34,23,208915919
143.861,34,23,209015974
143.862,34,23,209116029
143.88,34,25,209216084
143.879,34,25,209316139
143.866,34,25,209416197
143.849,34,25,209516253
143.86,34,25,209616297
143.846,34,23,209716356
143.889,34,23,209816413
143.896,34,23,209916470
143.842,34,23,210016528
143.814,34,23,210116584
143.929,36,27,210216646
143.872,36,27,210316700
143.878,36,27,210416760
143.862,36,27,210516815
143.86,36,27,210616874
143.641,34,28,210716937
143.831,34,28,210816994
143.858,34,28,210917050
143.849,34,28,211017107
143.846,34,28,211117162
143.605,34,99,211217217
143.794,34,99,211317272
143.815,34,99,211417326
143.865,34,99,211517381
143.838,34,99,211617437
143.97,34,40,211717492
143.844,34,40,211817547
143.917,34,40,211917603
143.852,34,40,212017662
143.87,34,40,212117718
143.991,32,26,212217775
143.85,32,26,212317831
143.824,32,26,212417886
143.856,32,26,212517942
143.828,32,26,212617997
143.814,32,20,212718055
143.792,32,20,212818110
143.814,32,20,212918166
143.81,32,20,213018222
143.826,32,20,213118276
143.793,33,67,213218332
143.838,33,67,213318415
143.845,33,67,213418471
143.862,33,67,213518526
143.852,33,67,213618580
143.834,30,90,213718637
143.569,30,90,213818697
143.853,30,90,213918752
143.823,30,90,214018809
143.869,30,90,214118864
143.965,35,98,214218917
144,35,98,214318975
143.897,35,98,214419030
143.888,35,98,214519087
143.81,35,98,214619144
144.182,33,23,214719199
143.999,33,23,214819254
143.952,33,23,214919309
143.902,33,23,215019364
143.902,33,23,215119418
144.263,34,16,215219483
143.916,34,16,215319542
143.914,34,16,215419596
143.905,34,16,215519651
143.875,34,16,215619707
143.938,35,23,215719763
143.858,35,23,215819819
143.861,35,23,215919874
143.828,35,23,216019929
143.864,35,23,216119987
143.749,37,25,216220041
143.827,37,25,216320098
143.856,37,25,216420155
143.836,37,25,216520215
143.82,37,25,216620274
143.779,35,99,216720330
143.824,35,99,216820390
143.824,35,99,216920446
143.812,35,99,217020505
143.837,35,99,217120562
143.807,35,12,217220618
143.824,35,12,217320675
143.83,35,12,217420732
143.855,35,12,217520788
143.837,35,12,217620845
143.833,33,97,217720901
143.826,33,97,217820974
143.843,33,97,217921030
143.858,33,97,218021087
143.861,33,97,218121143
143.59,31,25,218221199
143.77,31,25,218321258
143.855,31,25,218421315
143.842,31,25,218521369
143.832,31,25,218621426
143.831,32,99,218721486
143.883,32,99,218821543
143.823,32,99,218921599
143.785,32,99,219021656
143.827,32,99,219121715
144.079,35,97,219221771
143.941,35,97,219321828
143.862,35,97,219421885
143.886,35,97,219521943
143.886,35,97,219621998
143.849,33,23,219722053
143.857,33,23,219822107
143.81,33,23,219922161
143.824,33,23,220022215
143.828,33,23,220122273
144.035,35,89,220222327
143.916,35,89,220322384
143.894,35,89,220422438
143.858,35,89,220522474
143.85,35,89,220622536
144.038,34,23,220722592
143.934,34,23,220822651
143.927,34,23,220922709
143.877,34,23,221022766
143.881,34,23,221122823
143.965,36,25,221222878
143.899,36,25,221322901
143.871,36,25,221422956
143.865,36,25,221523011
143.872,36,25,221623068
143.831,34,54,221723125
143.838,34,54,221823182
143.852,34,54,221923238
143.819,34,54,222023292
143.849,34,54,222123348
143.823,38,62,222223403
143.843,38,62,222323458
143.847,38,62,222423512
143.845,38,62,222523567
143.862,38,62,222623623
143.859,35,47,222723677
143.903,35,47,222823733
143.862,35,47,222923789
143.853,35,47,223023844
143.866,35,47,223123898
143.963,35,46,223223959
143.857,35,46,223324013
143.827,35,46,223424070
143.878,35,46,223524126
143.857,35,46,223624182
143.913,34,47,223724212
143.876,34,47,223824266
143.841,34,47,223924322
143.855,34,47,224024376
143.854,34,47,224124434
143.942,30,27,224224490
143.788,30,27,224324544
143.864,30,27,224424602
143.856,30,27,224524657
143.856,30,27,224624711
143.838,30,76,224724766
143.817,30,76,224824820
143.824,30,76,224924877
143.843,30,76,225024935
143.846,30,76,225124994
143.867,29,20,225225049
143.83,29,20,225325103
143.846,29,20,225425161
143.849,29,20,225525195
143.852,29,20,225625252
143.797,32,98,225725312
143.816,32,98,225825368
143.846,32,98,225925425
143.853,32,98,226025479
143.838,32,98,226125534
143.983,32,55,226225589
143.85,32,55,226325643
143.823,32,55,226425699
143.839,32,55,226525754
143.851,32,55,226625805
143.787,30,48,226725860
143.868,30,48,226825879
143.851,30,48,226925935
143.822,30,48,227025991
143.855,30,48,227126046
143.911,31,65,227226102
143.963,31,65,227326156
143.901,31,65,227426210
143.9,31,65,227526265
143.86,31,65,227626300
143.738,32,46,227726356
143.855,32,46,227826411
143.84,32,46,227926466
143.858,32,46,228026521
143.838,32,46,228126576
143.841,34,61,228226633
143.836,34,61,228326688
143.8,34,61,228426743
143.782,34,61,228526798
143.824,34,61,228626854
143.885,34,48,228726912
143.848,34,48,228826969
143.839,34,48,228927026
143.814,34,48,229027107
143.826,34,48,229127175
143.802,34,49,229227230
143.907,34,49,229327286
143.851,34,49,229427341
143.857,34,49,229527398
143.854,34,49,229627454
143.663,33,24,229727509
143.746,33,24,229827569
143.812,33,24,229927624
143.819,33,24,230027682
143.852,33,24,230127739
143.735,33,99,230227797
143.724,33,99,230327854
143.773,33,99,230427909
143.85,33,99,230527942
143.831,33,99,230627999
143.753,34,23,230728055
143.749,34,23,230828113
143.856,34,23,230928170
143.838,34,23,231028228
143.808,34,23,231128286
143.549,33,22,231228343
143.765,33,22,231328406
143.838,33,22,231428462
143.874,33,22,231528518
143.831,33,22,231628576
144.128,32,99,231728631
143.944,32,99,231828688
143.927,32,99,231928721
143.872,32,99,232028777
143.867,32,99,232128833
143.811,34,26,232228888
143.777,34,26,232328948
143.837,34,26,232429004
143.837,34,26,232529060
143.82,34,26,232629117
143.991,36,49,232729141
143.866,36,49,232829199
143.83,36,49,232929254
143.837,36,49,233029311
143.876,36,49,233129366
143.773,37,27,233229430
143.854,37,27,233329488
143.814,37,27,233429548
143.839,37,27,233529606
143.82,37,27,233629669
143.802,36,57,233729725
143.79,36,57,233829780
143.795,36,57,233929836
143.851,36,57,234029891
143.843,36,57,234129948
143.778,38,98,234230003
143.764,38,98,234330058
143.791,38,98,234430115
143.793,38,98,234530131
143.84,38,98,234630189
143.829,36,48,234730245
143.855,36,48,234830301
143.803,36,48,234930358
143.823,36,48,235030411
143.83,36,48,235130471
143.746,35,47,235230528
143.876,35,47,235330583
143.864,35,47,235430639
143.861,35,47,235530695
143.857,35,47,235630759
143.799,34,49,235730818
143.848,34,49,235830873
143.875,34,49,235930930
143.871,34,49,236030985
143.82,34,49,236130999
143.699,34,98,236231056
143.801,34,98,236331112
143.791,34,98,236431170
143.793,34,98,236531228
143.822,34,98,236631292
143.669,38,98,236731349
143.855,38,98,236831405
143.853,38,98,236931463
143.874,38,98,237031518
143.814,38,98,237131574
143.64,39,11,237231633
143.927,39,11,237331690
143.948,39,11,237431749
143.911,39,11,237531805
143.897,39,11,237631862
143.746,34,29,237731958
143.748,34,29,237832013
143.797,34,29,237932070
143.798,34,29,238032128
143.824,34,29,238132185
143.525,38,99,238232253
143.838,38,99,238332313
143.815,38,99,238432371
143.822,38,99,238532429
143.811,38,99,238632475
143.876,37,23,238732533
143.899,37,23,238832589
143.781,37,23,238932644
143.872,37,23,239032698
143.868,37,23,239132753
143.888,36,63,239232818
143.883,36,63,239332875
143.787,36,63,239432964
143.827,36,63,239533024
143.859,36,63,239633082
143.767,34,48,239733142
143.808,34,48,239833198
143.868,34,48,239933255
143.839,34,48,240033312
143.826,34,48,240133332
143.796,36,48,240233388
143.831,36,48,240333456
143.904,36,48,240433517
143.871,36,48,240533575
143.85,36,48,240633631
144.042,39,97,240733693
143.972,39,97,240833750
143.921,39,97,240933806
143.895,39,97,241033865
143.885,39,97,241133922
143.974,37,20,241233979
143.764,37,20,241334041
143.896,37,20,241434097
143.831,37,20,241534155
143.872,37,20,241634210
143.496,37,30,241734265
143.836,37,30,241834323
143.815,37,30,241934378
143.835,37,30,242034436
143.854,37,30,242134491
143.731,36,98,242234546
143.859,36,98,242334602
143.848,36,98,242434657
143.875,36,98,242534713
143.856,36,98,242634768
143.731,35,23,242734827
143.734,35,23,242834886
143.816,35,23,242934942
143.826,35,23,243035002
143.851,35,23,243135056
143.947,37,97,243235113
143.855,37,97,243335168
143.93,37,97,243435223
143.879,37,97,243535279
143.885,37,97,243635334
143.725,33,10,243735389
143.816,33,10,243835445
143.767,33,10,243935500
143.82,33,10,244035558
143.815,33,10,244135613
143.54,33,99,244235669
143.915,33,99,244335726
143.812,33,99,244435781
143.818,33,99,244535805
143.855,33,99,244635860
143.858,36,99,244735916
143.863,36,99,244835971
143.725,36,99,244936026
143.865,36,99,245036083
143.859,36,99,245136138
143.702,36,47,245236193
143.807,36,47,245336251
143.835,36,47,245436306
143.862,36,47,245536362
143.867,36,47,245636417
143.63,35,48,245736472
143.856,35,48,245836530
143.799,35,48,245936586
143.809,35,48,246036641
143.817,35,48,246136697
143.802,36,22,246236752
143.886,36,22,246336810
143.878,36,22,246436846
143.904,36,22,246536901
143.872,36,22,246636959
144.21,37,12,246737014
143.853,37,12,246837070
143.829,37,12,246937126
143.857,37,12,247037181
143.855,37,12,247137238
143.971,33,48,247237293
143.758,33,48,247337348
143.835,33,48,247437403
143.848,33,48,247537458
143.827,33,48,247637518
143.906,36,98,247737575
143.862,36,98,247837634
143.861,36,98,247937691
143.889,36,98,248037749
143.846,36,98,248137810
144.252,34,99,248237868
143.934,34,99,248337926
143.92,34,99,248437982
143.892,34,99,248538038
143.869,34,99,248638095
143.768,35,46,248738152
143.838,35,46,248838211
143.8,35,46,248938272
143.888,35,46,249038329
143.852,35,46,249138387
144.002,34,47,249238442
143.865,34,47,249338497
143.834,34,47,249438552
143.854,34,47,249538607
143.85,34,47,249638663
144.262,37,77,249738669
143.88,37,77,249838724
143.908,37,77,249938779
143.899,37,77,250038833
143.862,37,77,250138888
143.486,35,28,250238943
143.774,35,28,250338998
143.843,35,28,250439056
143.813,35,28,250539111
143.82,35,28,250639136
144.068,36,27,250739190
143.84,36,27,250839245
143.888,36,27,250939302
143.825,36,27,251039356
143.845,36,27,251139411
143.52,35,47,251239467
143.894,35,47,251339522
143.822,35,47,251439576
143.846,35,47,251539631
143.851,35,47,251639685
143.695,39,47,251739741
143.908,39,47,251839796
143.82,39,47,251939851
143.868,39,47,252039906
143.858,39,47,252139962
144.085,37,95,252240017
143.922,37,95,252340071
143.826,37,95,252440126
143.748,37,95,252540181
143.831,37,95,252640236
144.196,38,75,252740294
143.902,38,75,252840349
143.919,38,75,252940407
143.906,38,75,253040460
143.885,38,75,253140516
144.158,37,48,253240572
144.001,37,48,253340627
143.914,37,48,253440683
143.865,37,48,253540740
143.866,37,48,253640794
143.913,36,16,253740852
143.714,36,16,253840906
143.757,36,16,253940963
143.796,36,16,254041024
143.816,36,16,254141081
144.068,37,41,254241141
144.049,37,41,254341198
143.959,37,41,254441255
143.905,37,41,254541311
143.892,37,41,254641368
143.623,34,57,254741436
143.786,34,57,254841491
143.745,34,57,254941548
143.795,34,57,255041609
143.841,34,57,255141663
143.947,36,48,255241720
143.916,36,48,255341777
143.812,36,48,255441833
143.847,36,48,255541890
143.834,36,48,255641945
144.013,33,23,255741999
143.921,33,23,255842054
143.905,33,23,255942109
143.872,33,23,256042118
143.865,33,23,256142175
144.224,34,46,256242231
143.931,34,46,256342288
143.937,34,46,256442344
143.912,34,46,256542404
143.888,34,46,256642460
143.558,34,23,256742476
143.693,34,23,256842535
143.839,34,23,256942592
143.847,34,23,257042649
143.872,34,23,257142705
143.985,36,48,257242762
143.91,36,48,257342819
143.812,36,48,257442886
143.86,36,48,257542943
143.85,36,48,257642997
143.909,35,99,257743051
143.764,35,99,257843107
143.854,35,99,257943164
143.848,35,99,258043220
143.866,35,99,258143276
143.754,33,99,258243333
143.857,33,99,258343387
143.86,33,99,258443441
143.852,33,99,258543498
143.841,33,99,258643553
143.592,34,52,258743609
143.765,34,52,258843664
143.817,34,52,258943720
143.799,34,52,259043776
143.85,34,52,259143833
143.919,37,81,259243887
143.853,37,81,259343944
143.919,37,81,259444001
143.896,37,81,259544057
143.9,37,81,259644113
144.042,34,32,259744167
144.021,34,32,259844226
143.968,34,32,259944280
143.961,34,32,260044335
143.917,34,32,260144391
143.308,38,46,260244446
143.934,38,46,260344502
143.952,38,46,260444557
143.913,38,46,260544613
143.904,38,46,260644668
143.753,38,29,260744722
143.779,38,29,260844777
143.875,38,29,260944831
143.89,38,29,261044886
143.887,38,29,261144945
143.769,39,47,261245004
143.841,39,47,261345061
143.856,39,47,261445118
143.879,39,47,261545164
143.921,39,47,261645220
143.394,36,24,261745274
143.839,36,24,261845332
143.803,36,24,261945386
143.887,36,24,262045442
143.864,36,24,262145499
143.806,35,46,262245553
143.906,35,46,262345610
143.926,35,46,262445665
143.94,35,46,262545720
143.91,35,46,262645781
143.798,36,36,262745808
143.96,36,36,262845870
143.954,36,36,262945927
143.895,36,36,263045985
143.927,36,36,263146043
143.728,35,72,263246099
144.01,35,72,263346155
143.89,35,72,263446212
143.892,35,72,263546269
143.917,35,72,263646323
143.947,37,24,263746378
143.828,37,24,263846439
143.925,37,24,263946494
143.887,37,24,264046549
143.891,37,24,264146604
144.138,39,99,264246658
143.948,39,99,264346694
143.962,39,99,264446749
143.918,39,99,264546808
143.918,39,99,264646865
143.926,36,45,264746919
143.843,36,45,264846983
143.794,36,45,264947053
143.849,36,45,265047108
143.923,36,45,265147164
143.711,37,98,265247219
143.973,37,98,265347275
143.375,37,98,265447334
143.95,37,98,265547391
143.937,37,98,265647489
143.736,40,7,265747546
143.942,40,7,265847608
143.905,40,7,265947664
143.915,40,7,266047724
143.922,40,7,266147781
143.943,37,23,266247835
143.821,37,23,266347891
143.839,37,23,266447947
143.826,37,23,266548003
143.889,37,23,266648017
143.951,38,25,266748072
143.88,38,25,266848131
143.97,38,25,266948186
143.955,38,25,267048242
143.912,38,25,267148317
143.98,38,25,267248373
143.973,38,25,267348430
143.878,38,25,267448485
143.923,38,25,267548540
143.91,38,25,267648600
143.629,35,48,267748654
143.837,35,48,267848709
143.945,35,48,267948764
143.938,35,48,268048818
143.924,35,48,268148875
143.658,34,49,268248929
143.943,34,49,268348984
143.959,34,49,268449039
143.898,34,49,268549093
143.89,34,49,268649138
144.234,34,25,268749193
143.939,34,25,268849247
143.943,34,25,268949302
143.96,34,25,269049356
143.968,34,25,269149411
143.691,34,47,269249466
143.891,34,47,269349522
143.915,34,47,269449576
143.929,34,47,269549631
143.921,34,47,269649687
143.695,35,99,269749742
143.855,35,99,269849800
143.861,35,99,269949850
143.909,35,99,270049906
143.909,35,99,270149962
144.146,33,23,270250017
144.02,33,23,270350079
143.919,33,23,270450134
143.896,33,23,270550189
143.904,33,23,270650245
143.897,33,15,270750300
143.799,33,15,270850356
143.881,33,15,270950407
143.886,33,15,271050462
143.908,33,15,271150521
143.798,35,98,271250575
143.921,35,98,271350631
143.898,35,98,271450686
143.913,35,98,271550742
143.891,35,98,271650800
144.538,36,25,271750854
144.052,36,25,271850909
143.995,36,25,271950963
143.962,36,25,272051019
143.961,36,25,272151074
143.93,34,23,272251128
143.749,34,23,272351182
143.939,34,23,272451236
143.881,34,23,272551291
143.9,34,23,272651347
143.893,35,99,272751402
143.794,35,99,272851456
143.859,35,99,272951510
143.923,35,99,273051565
143.911,35,99,273151622
143.889,36,36,273251676
143.868,36,36,273351731
143.957,36,36,273451785
143.916,36,36,273551839
143.941,36,36,273651894
144.467,38,24,273751951
143.863,38,24,273852005
143.971,38,24,273952059
143.937,38,24,274052113
143.896,38,24,274152169
143.935,37,23,274252224
143.808,37,23,274352281
143.934,37,23,274452346
143.878,37,23,274552401
143.905,37,23,274652458
143.439,34,20,274752482
143.91,34,20,274852540
143.882,34,20,274952597
143.924,34,20,275052654
143.484,34,20,275152714
144.038,34,75,275252774
144.031,34,75,275352832
143.943,34,75,275452886
143.953,34,75,275552941
143.931,34,75,275653003
144.209,33,26,275753058
143.967,33,26,275853116
143.928,33,26,275953171
143.925,33,26,276053226
143.896,33,26,276153281
143.472,30,91,276253335
143.876,30,91,276353391
143.9,30,91,276453445
143.883,30,91,276553499
143.894,30,91,276653556
143.86,32,11,276753610
143.898,32,11,276853665
143.952,32,11,276953719
143.963,32,11,277053764
143.914,32,11,277153821
143.947,36,34,277253875
143.825,36,34,277353957
143.882,36,34,277454013
143.916,36,34,277554068
143.921,36,34,277654124
144.242,35,99,277754142
143.942,35,99,277854198
143.906,35,99,277954253
143.9,35,99,278054307
143.916,35,99,278154364
143.695,32,99,278254418
143.942,32,99,278354440
143.886,32,99,278454495
143.906,32,99,278554549
143.914,32,99,278654586
143.769,33,30,278754640
143.922,33,30,278854698
143.822,33,30,278954756
143.91,33,30,279054814
143.879,33,30,279154873
144.155,33,23,279254932
143.947,33,23,279354987
143.924,33,23,279455042
143.917,33,23,279555097
143.902,33,23,279655154
144.155,35,26,279755207
143.895,35,26,279855262
143.871,35,26,279955316
143.871,35,26,280055370
143.922,35,26,280155425
144.605,39,77,280255479
144.055,39,77,280355540
143.973,39,77,280455594
143.958,39,77,280555648
143.945,39,77,280655703
143.79,33,25,280755757
143.779,33,25,280855804
143.908,33,25,280955860
143.913,33,25,281055916
143.889,33,25,281155971
143.806,37,47,281256027
143.872,37,47,281356084
143.94,37,47,281456141
143.937,37,47,281556196
143.923,37,47,281656252
144.125,34,93,281756312
143.917,34,93,281856337
143.939,34,93,281956393
143.962,34,93,282056448
143.94,34,93,282156506
144.188,35,42,282256562
144.078,35,42,282356617
143.976,35,42,282456678
143.962,35,42,282556734
143.968,35,42,282656794
143.964,35,98,282756848
143.898,35,98,282856905
143.917,35,98,282956960
143.895,35,98,283057016
143.886,35,98,283157074
143.901,34,24,283257129
143.893,34,24,283357184
143.883,34,24,283457240
143.907,34,24,283557294
143.903,34,24,283657352
143.976,32,26,283757406
143.968,32,26,283857461
143.905,32,26,283957518
143.9,32,26,284057552
143.896,32,26,284157612
143.641,28,49,284257667
143.898,28,49,284357723
143.921,28,49,284457779
143.856,28,49,284557834
143.863,28,49,284657891
143.885,32,11,284757947
143.937,32,11,284858003
143.817,32,11,284958059
143.916,32,11,285058114
143.877,32,11,285158170
143.852,37,98,285258226
143.886,37,98,285358281
143.89,37,98,285458339
143.899,37,98,285558395
143.91,37,98,285658451
143.955,38,25,285758506
143.82,38,25,285858562
143.898,38,25,285958619
143.919,38,25,286058674
143.905,38,25,286158729
143.856,38,24,286258785
143.933,38,24,286358839
143.94,38,24,286458895
143.901,38,24,286558952
143.909,38,24,286659009
143.86,37,28,286759064
143.915,37,28,286859119
143.909,37,28,286959134
143.902,37,28,287059191
143.901,37,28,287159248
144.005,32,23,287259306
143.954,32,23,287359362
143.885,32,23,287459418
143.928,32,23,287559473
143.899,32,23,287659529
144.013,32,25,287759586
143.928,32,25,287859643
143.903,32,25,287959701
143.881,32,25,288059756
143.882,32,25,288159811
143.748,35,23,288259867
143.928,35,23,288359922
143.935,35,23,288459980
143.908,35,23,288560034
143.922,35,23,288660093
143.686,34,99,288760149
143.92,34,99,288860203
143.931,34,99,288960259
143.908,34,99,289060314
143.912,34,99,289160370
143.868,31,98,289260426
143.792,31,98,289360480
143.917,31,98,289460536
143.901,31,98,289560594
143.861,31,98,289660651
143.819,34,27,289760688
143.835,34,27,289860742
141.637,34,27,289960801
140.917,34,27,290060842
141.628,34,27,290160896
144.001,33,48,290260954
143.915,33,48,290361008
143.948,33,48,290461068
143.918,33,48,290561124
143.881,33,48,290661180
144.08,35,28,290761236
143.893,35,28,290861292
143.96,35,28,290961348
143.916,35,28,291061405
143.932,35,28,291161463
144.113,34,53,291261522
143.964,34,53,291361578
143.886,34,53,291461636
143.924,34,53,291561704
143.929,34,53,291661760
143.993,34,28,291761818
143.816,34,28,291861875
143.935,34,28,291961932
143.921,34,28,292061987
143.915,34,28,292162042
143.872,34,24,292262097
143.885,34,24,292362151
143.857,34,24,292462207
143.919,34,24,292562263
143.915,34,24,292662320
143.91,34,99,292762378
143.962,34,99,292862435
143.94,34,99,292962470
143.937,34,99,293062525
143.93,34,99,293162582
143.889,33,10,293262637
143.931,33,10,293362691
139.664,33,10,293462747
140.907,33,10,293562803
141.615,33,10,293662860
143.943,31,11,293762916
143.8,31,11,293862971
143.862,31,11,293963026
143.889,31,11,294063081
143.873,31,11,294163135
143.893,32,10,294263191
143.883,32,10,294363246
143.895,32,10,294463302
143.917,32,10,294563357
143.919,32,10,294663412
143.901,31,92,294763467
143.891,31,92,294863521
143.876,31,92,294963577
143.861,31,92,295063633
143.892,31,92,295163688
143.984,35,23,295263744
143.909,35,23,295363799
143.904,35,23,295463856
143.896,35,23,295563914
143.907,35,23,295663969
143.773,31,98,295764025
143.869,31,98,295864079
143.892,31,98,295964135
143.843,31,98,296064189
143.89,31,98,296164243
143.765,35,98,296264299
143.933,35,98,296364352
143.904,35,98,296464407
143.911,35,98,296564461
143.926,35,98,296664516
143.835,35,46,296764573
143.766,35,46,296864629
143.864,35,46,296964685
143.858,35,46,297064742
143.88,35,46,297164796
144.059,35,29,297264852
143.881,35,29,297364910
143.895,35,29,297464965
143.922,35,29,297565022
143.924,35,29,297665077
143.988,32,98,297765135
144.021,32,98,297865189
143.967,32,98,297965244
143.945,32,98,298065301
143.896,32,98,298165325
144.877,33,23,298265382
144.276,33,23,298365409
144.123,33,23,298465463
144.078,33,23,298565518
144.018,33,23,298665574
144.279,31,94,298765630
143.856,31,94,298865686
143.78,31,94,298965741
143.918,31,94,299065804
143.923,31,94,299165861
143.833,33,24,299265918
143.963,33,24,299365973
143.896,33,24,299466036
143.89,33,24,299566093
143.895,33,24,299666148
143.709,36,22,299766204
143.794,36,22,299866258
143.855,36,22,299966319
143.883,36,22,300066373
143.865,36,22,300166427
143.75,34,23,300266487
143.931,34,23,300366541
143.832,34,23,300466596
143.906,34,23,300566652
143.895,34,23,300666707
143.994,35,69,300766764
143.924,35,69,300866819
143.894,35,69,300966877
143.92,35,69,301066933
143.874,35,69,301166990
143.931,32,24,301267048
144.014,32,24,301367103
143.911,32,24,301467158
143.939,32,24,301567171
143.931,32,24,301667225
143.859,27,97,301767235
143.889,27,97,301867289
143.89,27,97,301967346
143.894,27,97,302067403
143.9,27,97,302167458
144.035,25,98,302267519
143.891,25,98,302367576
143.905,25,98,302467635
143.897,25,98,302567692
143.879,25,98,302667746
143.906,28,22,302767801
143.902,28,22,302867856
143.897,28,22,302967911
143.904,28,22,303067956
143.903,28,22,303168013
143.766,26,25,303268070
143.871,26,25,303368124
143.894,26,25,303468178
143.89,26,25,303568232
143.898,26,25,303668287
143.875,26,97,303768343
143.903,26,97,303868397
143.899,26,97,303968452
143.898,26,97,304068506
143.898,26,97,304168559
143.952,25,26,304268617
143.922,25,26,304368672
143.899,25,26,304468727
143.914,25,26,304568785
143.864,25,26,304668842
144.378,29,23,304768901
143.899,29,23,304868956
143.95,29,23,304969012
143.923,29,23,305069071
143.935,29,23,305169128
143.968,34,23,305269185
143.964,34,23,305369239
143.906,34,23,305469293
143.934,34,23,305569355
143.916,34,23,305669410
143.849,30,91,305769467
143.921,30,91,305869522
143.926,30,91,305969576
143.898,30,91,306069631
143.907,30,91,306169686
143.885,28,11,306269743
143.887,28,11,306369797
143.86,28,11,306469853
143.861,28,11,306569912
143.891,28,11,306669966
143.988,32,99,306770020
143.902,32,99,306870075
143.898,32,99,306970129
143.929,32,99,307070186
143.902,32,99,307170240
143.637,33,49,307270296
143.776,33,49,307370351
143.916,33,49,307470405
143.898,33,49,307570465
143.903,33,49,307670519
144.17,33,23,307770577
143.967,33,23,307870631
143.877,33,23,307970685
143.904,33,23,308070744
143.906,33,23,308170782
144.03,30,43,308270837
143.921,30,43,308370892
143.904,30,43,308470945
143.872,30,43,308571018
143.907,30,43,308671088
143.906,29,10,308771150
143.869,29,10,308871205
143.925,29,10,308971259
143.914,29,10,309071317
143.898,29,10,309171372
143.9,29,25,309271428
143.913,29,25,309371483
143.9,29,25,309471537
143.905,29,25,309571595
143.872,29,25,309671650
144.42,30,48,309771706
143.97,30,48,309871762
143.943,30,48,309971816
143.914,30,48,310071870
143.879,30,48,310171924
144.061,31,11,310271985
143.749,31,11,310372048
143.806,31,11,310472104
143.858,31,11,310572160
143.903,31,11,310672216
143.467,32,22,310772249
143.9,32,22,310872312
143.844,32,22,310972367
143.89,32,22,311072422
143.91,32,22,311172466
143.59,31,98,311272521
143.901,31,98,311372576
143.8,31,98,311472630
143.862,31,98,311572685
143.889,31,98,311672739
143.994,33,81,311772795
143.976,33,81,311872849
143.927,33,81,311972904
143.923,33,81,312072960
143.9,33,81,312173016
143.952,31,14,312273066
143.878,31,14,312373124
143.908,31,14,312473166
143.911,31,14,312573226
143.927,31,14,312673282
144.097,30,97,312773339
143.876,30,97,312873400
143.95,30,97,312973458
143.938,30,97,313073515
143.947,30,97,313173572
144.493,27,99,313273628
143.969,27,99,313373684
143.953,27,99,313473740
143.962,27,99,313573795
143.928,27,99,313673850
143.957,23,11,313773906
143.895,23,11,313873962
143.895,23,11,313974021
143.894,23,11,314074077
143.901,23,11,314174133
143.89,24,49,314274189
143.878,24,49,314374243
143.883,24,49,314474297
143.884,24,49,314574352
143.884,24,49,314674406
143.911,24,45,314774451
143.888,24,45,314874513
143.886,24,45,314974520
143.829,24,45,315074574
143.889,24,45,315174628
143.9,27,59,315274682
143.913,27,59,315374741
143.915,27,59,315474798
143.896,27,59,315574857
143.896,27,59,315674911
143.864,29,40,315774964
143.881,29,40,315875018
143.89,29,40,315975072
143.898,29,40,316075127
143.903,29,40,316175181
143.926,23,32,316275237
143.916,23,32,316375293
143.895,23,32,316475350
143.906,23,32,316575405
143.877,23,32,316675460
144.321,25,40,316775514
143.994,25,40,316875571
143.981,25,40,316975628
143.943,25,40,317075686
143.93,25,40,317175741
143.892,27,23,317275796
143.799,27,23,317375854
143.885,27,23,317475909
143.862,27,23,317575963
143.869,27,23,317676018
143.809,30,16,317776072
143.883,30,16,317876129
143.9,30,16,317976185
143.873,30,16,318076240
143.898,30,16,318176295
143.837,32,99,318276349
143.891,32,99,318376406
143.916,32,99,318476460
143.902,32,99,318576516
143.9,32,99,318676573
143.892,33,99,318776627
143.914,33,99,318876681
143.906,33,99,318976736
143.83,33,99,319076791
143.894,33,99,319176847
143.885,33,9,319276901
143.904,33,9,319376957
143.871,33,9,319477011
143.874,33,9,319577065
143.908,33,9,319677119
143.899,33,98,319777176
143.899,33,98,319877234
143.887,33,98,319977288
143.895,33,98,320077346
143.895,33,98,320177400
144.113,29,99,320277455
143.946,29,99,320377511
143.897,29,99,320477565
143.899,29,99,320577605
143.875,29,99,320677661
144.259,32,23,320777715
144.031,32,23,320877770
143.945,32,23,320977827
143.92,32,23,321077885
143.944,32,23,321177948
143.85,33,24,321278008
143.891,33,24,321378065
143.895,33,24,321478119
143.899,33,24,321578174
143.888,33,24,321678229
144.023,33,99,321778286
143.941,33,99,321878346
143.913,33,99,321978358
143.913,33,99,322078470
143.903,33,99,322178490
144.12,31,11,322278548
143.919,31,11,322378610
143.942,31,11,322478667
143.904,31,11,322578724
143.926,31,11,322678779
143.995,30,43,322778835
143.821,30,43,322878892
143.86,30,43,322978947
143.891,30,43,323079005
143.889,30,43,323179061
143.913,31,26,323279117
143.939,31,26,323379130
143.889,31,26,323479185
143.896,31,26,323579240
143.884,31,26,323679296
143.954,32,23,323779351
143.898,32,23,323879408
143.916,32,23,323979463
143.907,32,23,324079520
143.911,32,23,324179577
143.445,28,98,324279634
143.827,28,98,324379692
