os,cpu,gpu,ram,kernel,driver
Arch Linux,AMD Ryzen 7 3700X 8-Core Processor,Radeon RX 5600 OEM/5600 XT / 5700/5700 XT,16408288,5.7.12-arch1-1,4.6 Mesa 20.2.0-devel
60.3223,6,1,67
60.7619,6,1,100127
61.27,6,1,200184
61.0958,7,0,300244
60.1313,7,0,400304
60.2449,7,0,500364
60.3066,7,0,600421
59.9479,7,0,700480
60.3372,11,9,800538
57.1461,11,9,900602
60.4528,11,9,1000662
60.3266,11,9,1100720
59.4124,11,9,1200777
59.8559,9,0,1300838
63.1393,9,0,1400871
61.6913,9,0,1500928
60.2009,9,0,1600994
61.0393,9,0,1701058
60.8808,9,0,1801116
56.6688,12,0,1901173
60.4897,12,0,2001229
60.4341,12,0,2101287
59.4007,12,0,2201344
59.6877,12,0,2301400
66.6189,3,0,2401459
62.5939,3,0,2501514
61.7506,3,0,2601571
61.3679,3,0,2701628
61.1342,3,0,2801687
58.8512,7,1,2901745
60.3187,7,1,3001802
60.3304,7,1,3101859
59.7122,7,1,3201916
60.3323,7,1,3301975
65.0816,11,23,3402032
60.0164,11,23,3502088
61.1544,11,23,3602146
60.9682,11,23,3702202
60.8333,11,23,3802259
64.002,3,0,3902315
62.9537,3,0,4002373
62.0184,3,0,4102431
61.5157,3,0,4202488
60.9267,3,0,4302554
53.2302,8,0,4402613
58.5777,8,0,4502671
60.4011,8,0,4602731
60.3545,8,0,4702799
60.3909,8,0,4802858
65.1211,13,0,4902915
62.159,13,0,5002973
61.45,13,0,5103030
60.428,13,0,5203088
60.9453,13,0,5303145
60.7866,14,0,5403202
59.7241,14,0,5503259
60.5095,14,0,5603316
60.4381,14,0,5703373
60.4422,14,0,5803429
75.3182,14,24,5903486
60.8245,14,24,6003542
62.1819,14,24,6103600
61.5593,14,24,6203664
60.3987,14,24,6303721
101.698,11,0,6403785
62.9689,11,0,6503846
61.8974,11,0,6603904
61.7396,11,0,6703962
61.3979,11,0,6804019
61.2018,6,0,6904078
60.4686,6,0,7004135
60.2129,6,0,7104198
60.042,6,0,7204254
60.3543,6,0,7304313
59.8366,7,0,7404371
63.1905,7,0,7504428
61.7681,7,0,7604483
61.2206,7,0,7704541
60.5684,7,0,7804599
60.6193,7,0,7904655
61.9745,15,3,8004712
61.2367,15,3,8104770
60.8262,15,3,8204827
60.7649,15,3,8304884
60.5462,15,3,8404941
60.2431,11,0,8504997
60.3659,11,0,8605054
60.3585,11,0,8705112
60.4234,11,0,8805170
60.424,11,0,8905228
65.0364,5,0,9005285
62.0767,5,0,9105345
60.5829,5,0,9205402
61.1135,5,0,9305462
60.0874,5,0,9405520
66.0298,10,0,9505578
62.5434,10,0,9605637
59.8903,10,0,9705695
61.3248,10,0,9805753
61.1147,10,0,9905813
74.5907,12,0,10005870
63.2786,12,0,10105929
61.0447,12,0,10205988
61.5513,12,0,10306045
61.2216,12,0,10406100
60.3628,12,0,10506154
60.3988,12,0,10606211
60.3374,12,0,10706268
60.3704,12,0,10806326
60.3462,12,0,10906381
60.353,12,0,11006436
60.5065,12,0,11106490
59.7954,12,0,11206547
59.2482,12,0,11306602
59.8093,12,0,11406659
71.9839,6,0,11506717
62.7133,6,0,11606772
60.3234,6,0,11706828
61.2632,6,0,11806886
61.0165,6,0,11906942
60.9028,14,23,12006998
60.6048,14,23,12107060
60.426,14,23,12207119
59.1073,14,23,12307176
59.7556,14,23,12407234
60.389,14,23,12507291
59.6168,5,10,12607348
60.9293,5,10,12707407
61.1951,5,10,12807464
60.9086,5,10,12907534
61.1615,5,10,13007591
60.0918,7,0,13107648
60.3242,7,0,13207705
60.2835,7,0,13307763
60.1321,7,0,13407821
60.3534,7,0,13507881
63.1265,14,0,13607937
61.5936,14,0,13708000
61.144,14,0,13808057
60.8786,14,0,13908116
60.8196,14,0,14008173
64.7668,13,0,14108231
59.8752,13,0,14208293
61.3798,13,0,14308353
61.1081,13,0,14408417
60.1186,13,0,14508476
67.4749,15,57,14608533
62.5839,15,57,14708591
61.689,15,57,14808658
61.2877,15,57,14908716
60.6511,15,57,15008773
60.7533,13,0,15108828
57.875,13,0,15208886
60.2936,13,0,15308943
60.3646,13,0,15408999
60.4112,13,0,15509053
68.8705,12,12,15609109
61.375,12,12,15709165
60.9605,12,12,15809221
60.5618,12,12,15909277
60.6907,12,12,16009334
60.6135,9,24,16109393
60.349,9,24,16209450
60.2899,9,24,16309510
59.1346,9,24,16409567
60.333,9,24,16509626
82.8775,3,0,16609683
59.2192,3,0,16709739
60.3234,3,0,16809799
61.1855,3,0,16909858
61.0289,3,0,17009918
60.2346,11,1,17109976
63.427,11,1,17210036
62.1279,11,1,17310097
61.5084,11,1,17410158
61.2251,11,1,17510218
61.0542,11,1,17610281
59.6659,8,0,17710341
58.6032,8,0,17810398
60.6192,8,0,17910454
60.5644,8,0,18010509
59.5955,8,0,18110567
55.6034,3,0,18210623
59.2038,3,0,18310681
59.9759,3,0,18410739
59.3678,3,0,18510798
59.8476,3,0,18610858
66.0371,5,0,18710912
62.2175,5,0,18810966
61.5986,5,0,18911021
61.2646,5,0,19011076
61.097,5,0,19111132
60.4275,3,0,19211187
60.1272,3,0,19311241
60.3977,3,0,19411294
60.3759,3,0,19511348
60.371,3,0,19611402
53.5332,3,13,19711456
60.3751,3,13,19811511
59.8458,3,13,19911567
60.1165,3,13,20011620
60.3624,3,13,20111676
63.678,3,0,20211730
61.178,3,0,20311786
59.2615,3,0,20411840
60.6009,3,0,20511896
60.5746,3,0,20611951
70.2346,3,1,20712007
60.5542,3,1,20812061
61.5929,3,1,20912116
61.2207,3,1,21012171
60.9623,3,1,21112224
59.0005,4,10,21212279
59.0558,4,10,21312333
59.5493,4,10,21412388
53.0085,4,10,21512445
54.6465,4,10,21612503
46.0363,11,17,21712559
58.4986,11,17,21812618
60.3985,11,17,21912676
59.2157,11,17,22012736
59.8138,11,17,22112791
72.1813,14,0,22212849
62.4989,14,0,22312908
60.3383,14,0,22412966
60.5751,14,0,22513024
51.6892,14,0,22613082
50.1329,6,0,22713141
60.637,6,0,22813198
58.6555,6,0,22913258
59.5794,6,0,23013315
60.0653,6,0,23113372
59.5554,4,0,23213430
61.2983,4,0,23313487
62.5293,4,0,23413548
61.8608,4,0,23513608
60.5738,4,0,23613667
61.2381,4,0,23713723
60.33,12,0,23813780
60.2488,12,0,23913842
60.4102,12,0,24013899
60.3707,12,0,24113958
60.3178,12,0,24214017
63.4773,15,0,24314075
61.7605,15,0,24414136
61.2676,15,0,24514194
60.9628,15,0,24614251
60.9148,15,0,24714314
64.4596,14,0,24814369
60.8273,14,0,24914426
61.5296,14,0,25014481
60.1491,14,0,25114537
60.429,14,0,25214593
64.0297,14,1,25314649
62.7254,14,1,25414706
61.814,14,1,25514763
61.3985,14,1,25614818
61.2042,14,1,25714883
61.632,15,0,25814941
63.4876,15,0,25914997
62.1314,15,0,26015054
61.5697,15,0,26115111
60.7115,15,0,26215166
60.3294,15,0,26315221
60.2995,15,0,26415280
60.2954,15,0,26515340
60.3752,15,0,26615397
60.3828,15,0,26715455
66.072,14,0,26815514
62.1268,14,0,26915572
61.4771,14,0,27015631
61.097,14,0,27115690
60.6538,14,0,27215748
71.2048,14,0,27315803
60.5794,14,0,27415860
61.7551,14,0,27515918
61.3281,14,0,27615980
61.106,14,0,27716039
81.1754,14,0,27816101
63.9164,14,0,27916164
60.2345,14,0,28016225
60.7988,14,0,28116284
61.3422,14,0,28216348
61.0877,15,0,28316414
57.6579,15,0,28416472
59.5998,15,0,28516531
60.4605,15,0,28616590
59.5655,15,0,28716654
60.3873,13,1,28816714
60.4796,13,1,28916772
60.2325,13,1,29016829
60.3733,13,1,29116887
60.3328,13,1,29216944
