os,cpu,gpu,ram,kernel,driver
Arch Linux,AMD Ryzen 7 3700X 8-Core Processor,Radeon RX 5600 OEM/5600 XT / 5700/5700 XT,16406292,5.8.1-arch1-1,4.6 Mesa 20.2.0-devel
111.557,19,63,55
109.536,19,63,100117
109.396,19,63,200150
109.364,19,63,300213
108.438,19,63,400273
102.611,19,72,500329
105.724,19,72,600388
105.432,19,72,700444
105.833,19,72,800506
106.787,19,72,900566
100.939,18,94,1000628
107.776,18,94,1100687
110.014,18,94,1200744
108.061,18,94,1300803
107.253,18,94,1400863
106.112,18,78,1500926
100.056,18,78,1600985
96.7502,18,78,1701046
101.704,18,78,1801106
104.406,18,78,1901167
111.074,18,88,2001224
113.271,18,88,2101280
114.918,18,88,2201336
113.273,18,88,2301394
113.874,18,88,2401452
112.192,19,92,2501509
108.394,19,92,2601566
109.417,19,92,2701630
112.899,19,92,2801689
111.987,19,92,2901751
111.597,18,91,3001813
102.827,18,91,3101874
105.798,18,91,3201937
103.393,18,91,3302000
100.745,18,91,3402063
98.1193,18,91,3502101
137.556,20,68,3602163
133.708,20,68,3702223
131.964,20,68,3802280
128.43,20,68,3902341
123.508,20,68,4002399
101.739,19,99,4102458
103.517,19,99,4202526
101.528,19,99,4302588
99.3297,19,99,4402650
101.019,19,99,4502709
105.654,19,85,4602769
108.126,19,85,4702827
111.687,19,85,4802886
113.708,19,85,4902944
113.671,19,85,5002999
105.473,18,83,5103060
109.647,18,83,5203119
109.05,18,83,5303178
108.246,18,83,5403236
108.636,18,83,5503297
104.775,24,72,5603356
105.457,24,72,5703413
106.71,24,72,5803470
106.801,24,72,5903481
106.335,24,72,6003537
96.8161,21,66,6103596
98.4286,21,66,6203652
98.7304,21,66,6303708
98.6818,21,66,6403763
89.936,21,66,6503832
103.154,20,62,6603892
103.218,20,62,6703950
102.313,20,62,6804005
101.746,20,62,6904061
101.591,20,62,7004123
102.204,22,79,7104180
104.156,22,79,7204238
106.098,22,79,7304299
105.769,22,79,7404356
105.833,22,79,7504419
102.971,21,83,7604476
105.429,21,83,7704534
104.76,21,83,7804593
104.786,21,83,7904654
95.2398,21,83,8004713
104.546,21,83,8104771
101.693,21,83,8204829
61.6011,21,83,8304889
61.8759,21,83,8404946
69.7306,21,83,8505002
98.7679,21,72,8605057
99.4318,21,72,8705120
85.4583,21,72,8805177
89.2269,21,72,8905239
91.715,21,72,9005301
95.2699,20,81,9105363
95.8851,20,81,9205423
96.6082,20,81,9305481
95.8155,20,81,9405540
96.3714,20,81,9505597
92.0952,20,73,9605655
91.8898,20,73,9705714
64.2247,20,73,9805775
72.0169,20,73,9905832
75.7769,20,73,10005890
75.9376,20,73,10105952
75.9376,20,73,10206012
77.5924,19,99,10306069
71.1559,19,99,10406127
78.6086,19,99,10506187
85.9556,19,99,10606245
78.796,19,99,10706311
87.0483,21,33,10806368
86.0937,21,33,10906426
88.0576,21,33,11006483
87.4014,21,33,11106540
86.8361,21,33,11206598
85.6825,20,90,11306656
85.493,20,90,11406712
85.809,20,90,11506769
85.5745,20,90,11606821
85.8873,20,90,11706882
82.0087,21,90,11806944
81.4204,21,90,11907003
82.5604,21,90,12007061
82.9123,21,90,12107119
83.2886,21,90,12207178
90.0994,20,93,12307237
89.747,20,93,12407295
89.4341,20,93,12507354
87.8569,20,93,12607412
86.9187,20,93,12707470
80.7011,21,73,12807528
77.3331,21,73,12907597
81.8672,21,73,13007657
86.4132,21,73,13107712
89.8603,21,73,13207768
106.432,22,96,13307823
116.592,22,96,13407881
114.001,22,96,13507936
109.533,22,96,13607991
107.072,22,96,13708050
100.434,21,93,13808106
97.3211,21,93,13908166
96.2958,21,93,14008224
99.0463,21,93,14108281
101.144,21,93,14208339
97.1515,21,51,14308396
100.822,21,51,14408452
100.649,21,51,14508509
100.683,21,51,14608567
100.632,21,51,14708624
107.863,23,87,14808683
106.212,23,87,14908745
104.33,23,87,15008802
103.586,23,87,15108859
102.821,23,87,15208925
112.356,21,66,15308989
113.56,21,66,15409051
112.831,21,66,15509109
110.834,21,66,15609167
108.976,21,66,15709226
91.8485,21,82,15809283
95.5125,21,82,15909339
100.095,21,82,16009397
98.9974,21,82,16109457
100.652,21,82,16209514
132.608,21,90,16309573
95.7694,21,90,16409633
100.819,21,90,16509688
103.403,21,90,16609742
104.432,21,90,16709799
109.92,22,87,16809856
100.533,22,87,16909912
106.608,22,87,17009972
109.266,22,87,17110029
107.315,22,87,17210111
84.6812,20,81,17310165
87.0431,20,81,17410226
93.2923,20,81,17510286
95.2248,20,81,17610344
93.3294,20,81,17710403
92.9195,21,83,17810462
92.5986,21,83,17910527
91.7781,21,83,18010586
92.5124,21,83,18110647
93.1749,21,83,18210707
91.5665,20,85,18310768
89.1336,20,85,18410828
89.4788,20,85,18510893
88.2823,20,85,18610952
91.4963,20,85,18711010
95.8888,22,90,18811069
96.8711,22,90,18911125
103.372,22,90,19011183
105.313,22,90,19111245
106.841,22,90,19211306
109.256,21,85,19311363
115.005,21,85,19411424
111.985,21,85,19511482
108.699,21,85,19611539
109.822,21,85,19711596
119.537,22,59,19811653
164.128,22,59,19911710
154.44,22,59,20011769
144.526,22,59,20111835
131.27,22,59,20211893
124.092,22,59,20311951
92.461,22,99,20412011
101.522,22,99,20512074
104.03,22,99,20612133
103.775,22,99,20712198
102.301,22,99,20812266
102.789,22,92,20912325
97.6017,22,92,21012389
100.541,22,92,21112444
100.675,22,92,21212504
98.6879,22,92,21312566
94.6189,21,92,21412629
94.6415,21,92,21512687
95.9923,21,92,21612743
95.8211,21,92,21712806
94.5405,21,92,21812866
46.4929,21,91,21912923
69.8679,21,91,22012985
80.494,21,91,22113044
84.059,21,91,22213107
85.9956,21,91,22313170
94.3877,21,93,22413228
102.31,21,93,22513286
106.658,21,93,22613346
108.038,21,93,22713403
110.944,21,93,22813460
124.486,21,90,22913485
131.289,21,90,23013543
131.772,21,90,23113602
132.061,21,90,23213658
132.05,21,90,23313717
143.332,22,73,23413776
137.268,22,73,23513837
127.285,22,73,23613896
121.13,22,73,23713958
117.989,22,73,23814017
111.04,20,99,23914075
108.876,20,99,24014132
109.155,20,99,24114189
109.71,20,99,24214247
109.704,20,99,24314304
110.005,21,86,24414364
110.661,21,86,24514421
110.603,21,86,24614479
112.829,21,86,24714535
119.402,21,86,24814591
141.328,21,86,24914650
143.588,21,86,25014710
145.449,21,86,25114766
144.234,21,86,25214822
128.92,21,86,25314881
142.162,22,99,25414939
139.311,22,99,25514997
138.58,22,99,25615054
138.283,22,99,25715122
139.527,22,99,25815178
141.369,21,99,25915239
144.786,21,99,26015295
141.448,21,99,26115351
138.041,21,99,26215405
136.263,21,99,26315460
130.896,23,99,26415515
129.647,23,99,26515570
129.851,23,99,26615627
128.849,23,99,26715692
128.584,23,99,26815750
124.774,22,82,26915810
120.688,22,82,27015870
111.428,22,82,27115929
120.859,22,82,27215988
128.108,22,82,27316046
133.672,21,85,27416112
145.595,21,85,27516173
155.71,21,85,27616238
155.502,21,85,27716295
154.46,21,85,27816358
142.328,22,85,27916416
143.815,22,85,28016477
137.376,22,85,28116536
137.081,22,85,28216599
140.49,22,85,28316658
128.65,21,85,28416715
154.08,21,85,28516777
154.001,21,85,28616825
151.677,21,85,28716883
151.215,21,85,28816940
152.281,21,99,28916997
148.761,21,99,29017054
151.821,21,99,29117111
144.253,21,99,29217171
146.982,21,99,29317233
149.567,21,90,29417296
152.762,21,90,29517355
154.138,21,90,29617412
157.887,21,90,29717468
157.699,21,90,29817527
157.704,22,86,29917585
149.019,22,86,30017647
137.979,22,86,30117710
143.209,22,86,30217775
144.147,22,86,30317838
145.682,22,84,30417898
135.269,22,84,30517959
144.377,22,84,30618019
144.029,22,84,30718082
143.74,22,84,30818142
142.553,22,84,30918202
148.403,23,96,31018264
152.489,23,96,31118324
153.79,23,96,31218383
151.566,23,96,31318440
152.207,23,96,31418500
113.038,23,84,31518560
107.398,23,84,31618619
105.799,23,84,31718680
105.588,23,84,31818739
107.574,23,84,31918804
128.057,21,77,32018870
127.81,21,77,32118926
129.232,21,77,32218981
129.636,21,77,32319037
134.954,21,77,32419100
158.47,21,74,32519162
153.122,21,74,32619224
146.621,21,74,32719282
145.702,21,74,32819339
146.245,21,74,32919397
147.411,22,97,33019455
146.326,22,97,33119509
145.093,22,97,33219566
144.326,22,97,33319628
143.577,22,97,33419686
137.701,21,82,33519748
141.908,21,82,33619807
142.549,21,82,33719867
142.613,21,82,33819925
143.015,21,82,33919984
141.903,22,86,34020043
144.076,22,86,34120099
142.811,22,86,34220146
143.04,22,86,34320202
137.62,22,86,34420263
100.911,23,99,34520328
100.863,23,99,34620386
100.824,23,99,34720444
101.982,23,99,34820500
102.835,23,99,34920559
99.9272,22,60,35020615
99.1716,22,60,35120670
97.92,22,60,35220728
101.183,22,60,35320787
103.977,22,60,35420847
103.977,22,60,35520904
72.3807,23,78,35620963
40.1858,23,78,35721023
62.3656,23,78,35821078
74.5951,23,78,35921134
80.694,23,78,36021191
108.44,22,98,36121248
111.773,22,98,36221311
114.816,22,98,36321367
119.517,22,98,36421422
120.92,22,98,36521478
131.51,23,84,36621533
131.488,23,84,36721588
131.788,23,84,36821651
132.024,23,84,36921712
132.045,23,84,37021773
135.653,22,99,37121837
132.531,22,99,37221897
132.368,22,99,37321957
131.715,22,99,37422016
131.27,22,99,37522076
134.156,22,99,37622137
134.644,22,99,37722196
130.134,22,99,37822257
125.985,22,99,37922311
124.157,22,99,38022368
137.734,23,99,38122424
139.171,23,99,38222481
131.686,23,99,38322536
123.974,23,99,38422597
119.057,23,99,38522658
109.044,24,99,38622718
115.062,24,99,38722785
120.552,24,99,38822845
123.585,24,99,38922905
125.734,24,99,39022966
123.138,23,95,39123025
128.717,23,95,39223084
127.209,23,95,39323149
126.758,23,95,39423209
128.093,23,95,39523268
138.332,20,99,39623328
134.64,20,99,39723396
137.01,20,99,39823452
135.465,20,99,39923484
136.934,20,99,40023542
142.464,21,99,40123599
137.296,21,99,40223656
134.655,21,99,40323714
134.506,21,99,40423770
136.769,21,99,40523828
143.682,21,99,40623890
138.548,21,99,40723949
139.645,21,99,40824004
139.299,21,99,40924062
140.71,21,99,41024117
122.963,22,99,41124175
135.946,22,99,41224214
134.049,22,99,41324272
135.636,22,99,41424330
135.453,22,99,41524385
157.58,20,99,41624443
142.933,20,99,41724500
136.47,20,99,41824563
131.04,20,99,41924622
131.785,20,99,42024679
137.845,21,99,42124735
139.726,21,99,42224791
140.804,21,99,42324848
141.212,21,99,42424904
134.72,21,99,42524964
112.33,20,99,42625019
120.069,20,99,42725074
122.726,20,99,42825136
124.355,20,99,42925194
128.398,20,99,43025266
123.467,20,66,43125323
119.683,20,66,43225382
121.489,20,66,43325442
119.207,20,66,43425500
125.804,20,66,43525563
150.898,21,99,43625623
145.761,21,99,43725679
145.851,21,99,43825739
150.73,21,99,43925798
146.72,21,99,44025857
144.739,21,99,44125916
146.708,21,99,44225971
146.632,21,99,44326032
147.504,21,99,44426097
147.224,21,99,44526158
133.369,22,74,44626217
136.779,22,74,44726275
141.984,22,74,44826334
149.453,22,74,44926394
152.414,22,74,45026453
165.371,22,87,45126511
160.615,22,87,45226568
158.724,22,87,45326630
153.36,22,87,45426691
153.343,22,87,45526751
144.791,22,99,45626814
149.763,22,99,45726869
155.803,22,99,45826926
157.138,22,99,45926982
157.087,22,99,46027038
133.271,22,99,46127099
124.978,22,99,46227157
122.125,22,99,46327213
119.884,22,99,46427269
116.859,22,99,46527326
113.935,22,82,46627382
99.1041,22,82,46727446
98.5795,22,82,46827503
100.209,22,82,46927563
97.0639,22,82,47027624
95.125,23,92,47127685
86.7738,23,92,47227746
87.5494,23,92,47327808
92.4056,23,92,47427866
109.715,23,92,47527930
120.907,24,92,47627992
159.122,24,92,47728054
158.988,24,92,47828114
159.649,24,92,47928175
160.933,24,92,48028237
163.267,24,92,48128295
154.097,24,99,48228355
146.203,24,99,48328415
140.64,24,99,48428479
137.727,24,99,48528538
138.515,24,99,48628601
158.116,23,99,48728660
154.979,23,99,48828724
148.991,23,99,48928784
145.533,23,99,49028846
143.196,23,99,49128909
139.193,22,97,49228967
139.702,22,97,49329026
137.934,22,97,49429087
138.075,22,97,49529150
141.582,22,97,49629210
153.43,23,92,49729269
153.94,23,92,49829331
154.42,23,92,49929389
153.158,23,92,50029447
154.431,23,92,50129502
129.935,21,99,50229560
134.248,21,99,50329618
139.182,21,99,50429676
133.077,21,99,50529735
130.355,21,99,50629790
113.793,22,99,50729848
113.365,22,99,50829903
112.671,22,99,50929962
110.978,22,99,51030020
106.638,22,99,51130079
87.4164,21,79,51230146
90.8491,21,79,51330221
92.9085,21,79,51430282
94.0304,21,79,51530341
93.812,21,79,51630402
90.8306,22,92,51730463
91.4289,22,92,51830520
95.4787,22,92,51930577
99.9638,22,92,52030635
105.53,22,92,52130692
107.334,22,93,52230749
125.585,22,93,52330809
144.568,22,93,52430871
149.381,22,93,52530930
153.565,22,93,52630985
163.411,24,81,52731041
165.497,24,81,52831099
161.118,24,81,52931155
161.334,24,81,53031212
160.164,24,81,53131266
158.203,22,99,53231325
160.675,22,99,53331384
159.699,22,99,53431440
161.391,22,99,53531494
160.685,22,99,53631552
148.099,23,95,53731611
121.143,23,95,53831668
114.676,23,95,53931727
110.633,23,95,54031786
109.349,23,95,54131845
96.1123,21,99,54231901
78.0984,21,99,54331958
83.7451,21,99,54432021
85.1899,21,99,54532077
88.9081,21,99,54632140
120.715,22,78,54732195
120.567,22,78,54832250
119.292,22,78,54932307
119.27,22,78,55032363
118.777,22,78,55132419
116.91,22,82,55232479
112.842,22,82,55332537
114.932,22,82,55432598
115.846,22,82,55532658
117.167,22,82,55632712
107.362,23,84,55732779
100.528,23,84,55832838
106.505,23,84,55932897
110.122,23,84,56032953
113.057,23,84,56133010
124.49,22,78,56233069
120.933,22,78,56333128
119.965,22,78,56433190
119.913,22,78,56533250
119.138,22,78,56633309
122.907,22,70,56733371
123.856,22,70,56833430
125.545,22,70,56933475
126.934,22,70,57033532
124.524,22,70,57133589
121.843,23,80,57233646
123.661,23,80,57333702
125.46,23,80,57433759
128.012,23,80,57533814
129.106,23,80,57633872
131.735,22,81,57733934
135.442,22,81,57833991
135.443,22,81,57934050
137.931,22,81,58034110
139.851,22,81,58134169
147.689,22,94,58234228
134.681,22,94,58334287
120.178,22,94,58434345
116.781,22,94,58534402
115.413,22,94,58634458
110.932,21,99,58734517
128.399,21,99,58834576
127.093,21,99,58934636
125.411,21,99,59034695
125.364,21,99,59134755
136.494,24,97,59234819
133.7,24,97,59334875
131.276,24,97,59434933
130.237,24,97,59534990
129.977,24,97,59635047
98.0777,22,93,59735109
98.944,22,93,59835169
99.3114,22,93,59935228
99.5683,22,93,60035287
98.9189,22,93,60135354
95.4381,21,76,60235417
99.9382,21,76,60335482
110.875,21,76,60435542
122.398,21,76,60535600
125.447,21,76,60635656
126.282,23,81,60735712
132.102,23,81,60835768
137.176,23,81,60935831
135.352,23,81,61035896
134,23,81,61135953
131.803,22,72,61236012
110.399,22,72,61336070
111.469,22,72,61436128
112.408,22,72,61536191
112.65,22,72,61636247
116.919,23,72,61736308
139.544,23,72,61836365
139.725,23,72,61936427
139.407,23,72,62036485
135.118,23,72,62136540
128.747,23,72,62236596
122.986,22,91,62336653
129.028,22,91,62436713
131.502,22,91,62536774
132.587,22,91,62636812
134.315,22,91,62736869
135.212,21,57,62836924
131.237,21,57,62936981
127.376,21,57,63037040
124.985,21,57,63137099
123.068,21,57,63237158
114.574,22,77,63337218
115.357,22,77,63437277
113.122,22,77,63537336
111.053,22,77,63637396
109.887,22,77,63737454
122.907,22,83,63837512
125.036,22,83,63937571
125.373,22,83,64037631
129.065,22,83,64137689
130.554,22,83,64237746
133.824,22,81,64337807
137.449,22,81,64437864
130.902,22,81,64537921
127.382,22,81,64637980
127.867,22,81,64738040
139.394,22,74,64838097
139.001,22,74,64938152
142.095,22,74,65038209
144.685,22,74,65138267
144.001,22,74,65238323
140.32,22,94,65338379
142.009,22,94,65438438
138.37,22,94,65538492
135.536,22,94,65638551
137.16,22,94,65738605
145.73,23,98,65838660
146.602,23,98,65938721
146.103,23,98,66038784
146.134,23,98,66138847
145.877,23,98,66238901
153.873,22,98,66338959
146.269,22,98,66439013
146.78,22,98,66539072
146.188,22,98,66639127
146.316,22,98,66739182
143.128,23,97,66839240
142.826,23,97,66939298
143.485,23,97,67039356
145.654,23,97,67139415
145.9,23,97,67239474
141.358,22,88,67339530
143.17,22,88,67439587
144.075,22,88,67539645
144.676,22,88,67639700
144.434,22,88,67739756
146.979,22,87,67839813
149.254,22,87,67939875
149.428,22,87,68039932
148.591,22,87,68139990
148.018,22,87,68240049
145.442,22,98,68340109
147.042,22,98,68440145
134.224,22,98,68540203
130.32,22,98,68640261
130.754,22,98,68740317
154.994,21,84,68840374
146.043,21,84,68940431
148.055,21,84,69040490
145.972,21,84,69140547
141.746,21,84,69240604
119.531,21,99,69340660
136.205,21,99,69440717
144.497,21,99,69540775
141.623,21,99,69640833
136.382,21,99,69740892
115.771,21,78,69840948
113.086,21,78,69941008
112.423,21,78,70041070
112.779,21,78,70141135
112.083,21,78,70241200
108.425,20,53,70341267
108.791,20,53,70441330
110.852,20,53,70541393
112.014,20,53,70641427
113.151,20,53,70741485
144.373,20,77,70841546
133.437,20,77,70941607
129.16,20,77,71041664
125.35,20,77,71141727
122.593,20,77,71241790
121.041,21,80,71341849
121.772,21,80,71441909
116.67,21,80,71541969
115.011,21,80,71642027
114.683,21,80,71742085
111.445,21,84,71842146
114.372,21,84,71942201
120.307,21,84,72042259
127.152,21,84,72142321
132.262,21,84,72242382
145.89,21,49,72342439
149.548,21,49,72442493
148.454,21,49,72542552
147.734,21,49,72642606
147.97,21,49,72742672
146.092,21,94,72842727
150.044,21,94,72942781
151.582,21,94,73042836
150.769,21,94,73142899
148.739,21,94,73242963
169.434,22,99,73343022
138.69,22,99,73443078
144.807,22,99,73543136
143.038,22,99,73643195
146.819,22,99,73743255
144.498,21,99,73843321
117.911,21,99,73943381
119.546,21,99,74043438
116.805,21,99,74143483
125.211,21,99,74243544
130.621,21,99,74343601
107.385,23,84,74443658
95.3804,23,84,74543714
94.9887,23,84,74643770
96.4205,23,84,74743826
98.9625,23,84,74843887
110.237,23,94,74943944
107.897,23,94,75044005
108.314,23,94,75144066
112.633,23,94,75244123
115.74,23,94,75344181
116.182,21,87,75444239
126.648,21,87,75544297
123.335,21,87,75644354
119.305,21,87,75744411
117.073,21,87,75844470
108.769,21,67,75944526
102.659,21,67,76044583
98.3982,21,67,76144640
96.7917,21,67,76244699
98.6582,21,67,76344756
111.66,22,78,76444812
115.108,22,78,76544875
110.789,22,78,76644931
107.334,22,78,76744986
106.494,22,78,76845044
109.932,22,83,76945102
110.008,22,83,77045159
111.003,22,83,77145216
109.965,22,83,77245272
107.977,22,83,77345328
107.766,23,88,77445386
107.373,23,88,77545452
106.683,23,88,77645510
108.271,23,88,77745568
109.752,23,88,77845624
102.213,21,88,77945680
100.391,21,88,78045739
96.4972,21,88,78145796
96.2863,21,88,78245856
98.7351,21,88,78345912
108.171,21,99,78445968
105.482,21,99,78546028
104.636,21,99,78646086
106.762,21,99,78746148
107.26,21,99,78846209
114.676,20,79,78946267
110.6,20,79,79046325
107.409,20,79,79146384
104.06,20,79,79246446
99.5065,20,79,79346506
94.5522,22,23,79446564
97.9258,22,23,79546623
97.1454,22,23,79646680
97.0922,22,23,79746741
96.3705,22,23,79846808
97.5724,21,90,79946866
96.8773,21,90,80046924
105.205,21,90,80146979
109.239,21,90,80247035
111.005,21,90,80347090
93.3576,21,93,80447148
92.7214,21,93,80547208
95.4643,21,93,80647264
94.4655,21,93,80747321
94.9779,21,93,80847377
95.6915,21,96,80947434
99.1716,21,96,81047490
98.6992,21,96,81147548
98.4865,21,96,81247605
96.5719,21,96,81347662
89.7888,20,89,81447720
93.2357,20,89,81547784
93.3752,20,89,81647841
92.1999,20,89,81747901
93.8566,20,89,81847959
86.0863,19,87,81948015
91.2236,19,87,82048071
90.4416,19,87,82148087
89.9335,19,87,82248142
89.2773,19,87,82348199
81.9784,20,95,82448256
84.7003,20,95,82548313
87.5617,20,95,82648369
85.7575,20,95,82748426
87.1758,20,95,82848485
87.6834,20,99,82948539
90.2982,20,99,83048596
90.575,20,99,83148653
91.6898,20,99,83248709
91.8145,20,99,83348767
74.4602,20,96,83448832
84.4783,20,96,83548893
87.3893,20,96,83648950
89.7661,20,96,83749007
89.8696,20,96,83849065
98.6972,20,96,83949121
97.7175,20,96,84049183
97.1238,20,96,84149244
96.9347,20,96,84249302
96.425,20,96,84349361
99.6612,19,89,84449419
99.4868,19,89,84549478
100.005,19,89,84649536
99.9385,19,89,84749593
99.5548,19,89,84849655
94.3797,19,74,84949715
95.8881,19,74,85049777
89.0944,19,74,85149836
92.7042,19,74,85249896
100.066,19,74,85349955
155.448,20,81,85450016
142.138,20,81,85550075
140.698,20,81,85650140
133.773,20,81,85750200
136.481,20,81,85850258
141.884,21,99,85950322
150.381,21,99,86050381
151.166,21,99,86150438
152.036,21,99,86250495
147.969,21,99,86350553
124.332,20,99,86450612
129.345,20,99,86550672
126.685,20,99,86650728
116.312,20,99,86750785
108.847,20,99,86850847
119.36,21,70,86950903
117.427,21,70,87050960
116.156,21,70,87151017
114.072,21,70,87251079
109.889,21,70,87351134
105.962,20,17,87451193
88.8266,20,17,87551249
91.7294,20,17,87651306
92.9263,20,17,87751362
96.1012,20,17,87851419
96.1667,19,94,87951485
96.0635,19,94,88051544
97.8973,19,94,88151603
100.026,19,94,88251661
101.43,19,94,88351719
101.833,19,58,88451775
99.8183,19,58,88551833
101.526,19,58,88651889
102.783,19,58,88751944
103.579,19,58,88851999
104.434,19,58,88952056
107.604,20,77,89052112
107.73,20,77,89152175
108.617,20,77,89252233
108.79,20,77,89352290
110.163,20,77,89452348
111.376,19,85,89552407
111.661,19,85,89652469
111.745,19,85,89752526
111.715,19,85,89852587
112.345,19,85,89952647
113.905,20,89,90052704
115.289,20,89,90152761
115.71,20,89,90252818
115.934,20,89,90352880
116.249,20,89,90452937
115.174,19,33,90552999
108.963,19,33,90653057
110.525,19,33,90753117
106.591,19,33,90853176
107.417,19,33,90953231
105.347,20,70,91053285
112.066,20,70,91153345
120.449,20,70,91253404
123.263,20,70,91353472
123.125,20,70,91453529
116.735,21,98,91553584
115.828,21,98,91653640
117.037,21,98,91753696
119.487,21,98,91853754
122.885,21,98,91953811
149.698,21,80,92053871
150.157,21,80,92153928
149.137,21,80,92253983
147.791,21,80,92354040
147.899,21,80,92454096
141.846,22,96,92554155
134.323,22,96,92654212
130.86,22,96,92754267
128.653,22,96,92854325
127.874,22,96,92954386
138.942,21,99,93054444
123.887,21,99,93154503
131.619,21,99,93254565
129.386,21,99,93354623
130.694,21,99,93454680
142.837,21,90,93554742
142.053,21,90,93654799
140.426,21,90,93754856
140.293,21,90,93854911
139.743,21,90,93954967
138.04,19,99,94055024
138.375,19,99,94155080
137.34,19,99,94255140
137.132,19,99,94355196
138.119,19,99,94455252
131.354,21,99,94555308
138.772,21,99,94655366
138.881,21,99,94755423
139.136,21,99,94855478
139.126,21,99,94955534
125.846,20,99,95055593
121.458,20,99,95155648
122.149,20,99,95255704
116.634,20,99,95355765
116.807,20,99,95455827
87.7937,20,93,95555891
107.748,20,93,95655948
112.172,20,93,95756005
114.342,20,93,95856062
115.594,20,93,95956121
119.603,20,86,96056179
120.389,20,86,96156236
117.164,20,86,96256294
119.762,20,86,96356352
120.663,20,86,96456410
124.486,20,98,96556429
128.416,20,98,96656487
132.451,20,98,96756544
134.105,20,98,96856609
132.056,20,98,96956669
118.533,19,84,97056730
119.586,19,84,97156793
119.756,19,84,97256805
119.991,19,84,97356860
120.331,19,84,97456916
130.316,20,83,97556977
127.012,20,83,97657033
127.403,20,83,97757090
124.583,20,83,97857148
115.134,20,83,97957204
131.199,19,82,98057264
127.534,19,82,98157323
130.812,19,82,98257380
130.832,19,82,98357439
130.451,19,82,98457497
135.685,20,85,98557556
133.019,20,85,98657615
133.97,20,85,98757673
137.731,20,85,98857732
138.318,20,85,98957790
134.735,21,89,99057848
128.7,21,89,99157905
127.722,21,89,99257965
126.557,21,89,99358021
129.096,21,89,99458078
120.091,20,87,99558133
128.008,20,87,99658190
129.714,20,87,99758248
130.418,20,87,99858305
129.712,20,87,99958363
129.124,20,89,100058429
127.724,20,89,100158488
122.078,20,89,100258546
120.903,20,89,100358607
115.937,20,89,100458665
113.244,19,84,100558722
108.831,19,84,100658783
117.649,19,84,100758842
120.752,19,84,100858901
123.123,19,84,100958960
124.766,19,84,101059017
132.256,20,78,101159079
133.488,20,78,101259138
136.056,20,78,101359201
138.05,20,78,101459262
139.594,20,78,101559325
142.971,19,85,101659386
149.691,19,85,101759442
152.38,19,85,101859498
152.009,19,85,101959555
146.825,19,85,102059614
103.701,20,84,102159670
105.335,20,84,102259726
107.06,20,84,102359781
107.629,20,84,102459838
107.435,20,84,102559916
119.818,18,85,102659976
123.948,18,85,102760034
127.173,18,85,102860090
129.056,18,85,102960140
134.557,18,85,103060198
144.217,20,82,103160256
133.814,20,82,103260313
127.636,20,82,103360370
124.808,20,82,103460428
122.755,20,82,103560487
114.205,20,99,103660550
114.568,20,99,103760615
113.65,20,99,103860670
113.755,20,99,103960727
113.668,20,99,104060785
113.589,20,81,104160841
113.324,20,81,104260895
111.894,20,81,104360955
110.525,20,81,104461014
109.962,20,81,104561073
112.8,20,88,104661134
117.145,20,88,104761191
118.501,20,88,104861247
118.893,20,88,104961304
120.956,20,88,105061361
124.65,20,81,105161420
121.73,20,81,105261482
120.923,20,81,105361538
120.768,20,81,105461596
117.099,20,81,105561654
117.099,20,81,105661721
136.859,19,90,105761781
163.77,19,90,105861838
167.266,19,90,105961895
169.57,19,90,106061953
171.886,19,90,106162011
184.573,19,50,106262068
179.709,19,50,106362125
181.028,19,50,106462182
178.149,19,50,106562243
176.154,19,50,106662303
160.378,18,99,106762361
158.927,18,99,106862432
157.26,18,99,106962492
158.6,18,99,107062550
159.168,18,99,107162607
179.447,18,91,107262670
168.834,18,91,107362727
167.397,18,91,107462784
168.154,18,91,107562844
168.561,18,91,107662904
187.682,19,88,107762962
181.774,19,88,107863018
179.589,19,88,107963082
175.322,19,88,108063144
174.639,19,88,108163208
173.034,20,99,108263269
168.962,20,99,108363330
160.847,20,99,108463385
155.518,20,99,108563445
152.828,20,99,108663479
150.688,18,99,108763535
154.19,18,99,108863592
152.968,18,99,108963647
154.395,18,99,109063706
154.03,18,99,109163764
184.642,19,88,109263822
193.381,19,88,109363877
188.813,19,88,109463935
167.949,19,88,109563990
160.296,19,88,109664047
157.66,18,93,109764086
155.39,18,93,109864144
156.767,18,93,109964201
157.368,18,93,110064258
157.601,18,93,110164315
157.719,19,99,110264372
159.196,19,99,110364427
159.794,19,99,110464485
160.198,19,99,110564542
159.611,19,99,110664605
97.5895,18,97,110764659
131.692,18,97,110864721
140.245,18,97,110964777
143.64,18,97,111064835
143.904,18,97,111164898
147.167,17,50,111264956
158.212,17,50,111365013
159.161,17,50,111465069
157.381,17,50,111565123
151.436,17,50,111665180
149.536,19,95,111765237
145.744,19,95,111865293
149.291,19,95,111965350
153.338,19,95,112065408
155.699,19,95,112165467
152.486,17,92,112265527
155.686,17,92,112365583
159.65,17,92,112465643
155.814,17,92,112565698
149.902,17,92,112665754
132.196,19,93,112765810
133.084,19,93,112865867
133.455,19,93,112965931
133.456,19,93,113065989
139.362,19,93,113166048
144.949,19,93,113266104
146.677,19,93,113366162
141.507,19,93,113466223
138.894,19,93,113566286
137.018,19,93,113666347
128.057,19,85,113766406
131.335,19,85,113866467
131.886,19,85,113966528
129.182,19,85,114066588
130.209,19,85,114166643
134.282,18,94,114266704
133.337,18,94,114366767
132.616,18,94,114466808
131.808,18,94,114566865
132.828,18,94,114666922
132.778,19,92,114766979
136.293,19,92,114867043
135.516,19,92,114967105
138.319,19,92,115067163
139.281,19,92,115167221
139.766,18,92,115267279
141.061,18,92,115367343
143.407,18,92,115467400
140.246,18,92,115567461
136.498,18,92,115667518
139.64,18,95,115767574
157.972,18,95,115867632
150.035,18,95,115967692
151.914,18,95,116067749
149.581,18,95,116167805
149.193,19,99,116267861
142.526,19,99,116367919
141.542,19,99,116467975
145.055,19,99,116568034
145.261,19,99,116668096
146.424,19,99,116768152
142.319,19,98,116868213
142.05,19,98,116968273
143.364,19,98,117068335
144.124,19,98,117168396
146.667,19,98,117268454
145.536,19,86,117368517
145.471,19,86,117468575
151.356,19,86,117568632
151.982,19,86,117668692
152.788,19,86,117768748
153.733,19,93,117868809
156.986,19,93,117968871
152.22,19,93,118068935
150.634,19,93,118168995
150.074,19,93,118269053
157.427,18,99,118369108
159.443,18,99,118469162
157.9,18,99,118569223
154.718,18,99,118669279
153.765,18,99,118769334
129.949,19,92,118869393
134.916,19,92,118969448
137.841,19,92,119069506
139.921,19,92,119169565
142.441,19,92,119269626
168.15,19,93,119369683
170.39,19,93,119469739
169.012,19,93,119569800
170.896,19,93,119669857
172.131,19,93,119769918
155.492,19,93,119869978
154.817,19,93,119970039
155.586,19,93,120070097
155.209,19,93,120170143
153.922,19,93,120270200
155.573,18,99,120370257
164.543,18,99,120470314
163.566,18,99,120570370
163.901,18,99,120670428
162.886,18,99,120770487
156.217,18,89,120870542
156.123,18,89,120970597
157.254,18,89,121070657
156.912,18,89,121170721
152.128,18,89,121270777
152.034,18,94,121370832
152.148,18,94,121470892
151.454,18,94,121570946
152.74,18,94,121671003
152.619,18,94,121771059
148.52,18,94,121871116
160.416,18,94,121971171
161.666,18,94,122071234
161.302,18,94,122171295
162.642,18,94,122271352
166.831,18,94,122371407
165.494,18,94,122471462
164.38,18,94,122571518
164.226,18,94,122671578
163.397,18,94,122771637
153.247,18,99,122871697
155.683,18,99,122971756
157.552,18,99,123071818
157.776,18,99,123171873
158.592,18,99,123271928
157.356,18,99,123371988
163.58,18,99,123472044
158.283,18,99,123572106
158.632,18,99,123672167
156.747,18,99,123772229
147.124,17,99,123872291
149.414,17,99,123972362
155.462,17,99,124072421
155.879,17,99,124172479
156.551,17,99,124272536
160.766,17,94,124372598
160.18,17,94,124472655
158.785,17,94,124572711
158.763,17,94,124672767
159.43,17,94,124772824
164.103,17,99,124872881
160.398,17,99,124972939
158.373,17,99,125072995
158.371,17,99,125173051
158.326,17,99,125273110
165.106,18,99,125373172
160.704,18,99,125473231
160.246,18,99,125573288
155.436,18,99,125673346
152.258,18,99,125773411
143.85,17,99,125873477
139.122,17,99,125973535
139.09,17,99,126073592
138.957,17,99,126173653
142.981,17,99,126273710
138.862,17,89,126373774
142.657,17,89,126473834
144.902,17,89,126573896
145.714,17,89,126673959
144.618,17,89,126774020
140.592,18,91,126874082
146.008,18,91,126974143
145.873,18,91,127074200
150.447,18,91,127174258
153.122,18,91,127274316
166.052,18,87,127374374
160.308,18,87,127474431
159.046,18,87,127574490
158.497,18,87,127674546
158.637,18,87,127774603
155.364,18,99,127874661
156.534,18,99,127974717
155.513,18,99,128074774
144.977,18,99,128174835
137.246,18,99,128274893
111.086,18,99,128374950
111.217,18,99,128475007
104.044,18,99,128575062
105.133,18,99,128675118
106.75,18,99,128775175
114.24,18,89,128875234
115.147,18,89,128975294
115.058,18,89,129075351
114.873,18,89,129175413
114.692,18,89,129275471
116.036,19,98,129375530
115.911,19,98,129475590
115.709,19,98,129575648
110.462,19,98,129675705
111.323,19,98,129775762
98.4834,19,84,129875822
99.7181,19,84,129975879
99.2711,19,84,130075934
100.338,19,84,130175993
101.096,19,84,130276055
79.5355,19,99,130376114
81.4745,19,99,130476172
83.0806,19,99,130576231
84.1819,19,99,130676290
85.0892,19,99,130776346
86.1358,19,89,130876403
88.6673,19,89,130976460
87.9172,19,89,131076487
88.075,19,89,131176544
88.213,19,89,131276602
88.0775,19,89,131376661
87.7886,20,91,131476718
88.0788,20,91,131576775
88.2271,20,91,131676806
88.5211,20,91,131776867
88.8157,20,91,131876925
90.005,18,89,131976986
89.2248,18,89,132077043
89.2692,18,89,132177099
90.7942,18,89,132277156
92.3084,18,89,132377214
93.8549,19,84,132477272
96.3871,19,84,132577330
105.284,19,84,132677389
119.87,19,84,132777447
128.294,19,84,132877506
127.108,20,87,132977565
126.553,20,87,133077627
130.87,20,87,133177684
136.347,20,87,133277743
142.186,20,87,133377802
135.739,20,99,133477867
135.115,20,99,133577927
136.104,20,99,133677991
136.225,20,99,133778050
132.867,20,99,133878114
132.556,19,99,133978177
146.768,19,99,134078234
147.678,19,99,134178297
143.783,19,99,134278359
140.249,19,99,134378427
144.829,19,77,134478493
144.902,19,77,134578554
145.722,19,77,134678618
142.336,19,77,134778678
146.506,19,77,134878735
158.65,19,68,134978795
153.394,19,68,135078853
149.981,19,68,135178913
139.506,19,68,135278973
136.517,19,68,135379033
140.049,19,99,135479092
140.776,19,99,135579152
141.224,19,99,135679211
139.222,19,99,135779272
137.926,19,99,135879332
125.194,19,82,135979392
132.207,19,82,136079448
131.819,19,82,136179511
131.083,19,82,136279571
131.177,19,82,136379638
110.126,20,80,136479704
117.766,20,80,136579762
126.078,20,80,136679818
128.174,20,80,136779875
127.497,20,80,136879947
102.181,19,76,136980005
100.948,19,76,137080062
107.974,19,76,137180119
107.696,19,76,137280139
107.501,19,76,137380197
114.453,20,94,137480259
112.531,20,94,137580317
112.473,20,94,137680377
112.787,20,94,137780434
113.75,20,94,137880495
112.737,19,88,137980552
112.97,19,88,138080611
112.958,19,88,138180668
112.861,19,88,138280731
112.598,19,88,138380792
96.0407,20,86,138480848
108.422,20,86,138580907
113.54,20,86,138680964
114.981,20,86,138781021
115.393,20,86,138881077
115.26,19,86,138981134
113.027,19,86,139081192
116.583,19,86,139181252
119.789,19,86,139281309
121.742,19,86,139381369
124.502,20,88,139481428
125.282,20,88,139581491
125.564,20,88,139681552
117.293,20,88,139781613
117.886,20,88,139881674
112.427,20,84,139981736
102.806,20,84,140081795
100.133,20,84,140181853
99.2836,20,84,140281911
98.9952,20,84,140381969
117.523,20,92,140482026
120.661,20,92,140582083
120.221,20,92,140682143
121.636,20,92,140782200
121.6,20,92,140882260
126.815,20,82,140982330
119.864,20,82,141082391
121.376,20,82,141182450
121.534,20,82,141282510
121.718,20,82,141382569
126.35,19,88,141482628
119.444,19,88,141582686
110.796,19,88,141682745
107.403,19,88,141782804
105.185,19,88,141882862
91.1826,19,84,141982920
94.2747,19,84,142082979
94.581,19,84,142183035
94.4342,19,84,142283092
94.4184,19,84,142383151
94.4543,19,85,142483208
95.3062,19,85,142583269
94.4935,19,85,142683326
94.7066,19,85,142783384
94.2659,19,85,142883441
94.0768,19,85,142983474
92.8376,19,85,143083534
93.2546,19,85,143183591
94.7941,19,85,143283645
95.0197,19,85,143383711
95.8442,19,85,143483770
100.595,19,85,143583830
102.496,19,85,143683888
103.445,19,85,143783943
104.53,19,85,143884002
105.372,19,85,143984059
106.31,20,84,144084121
105.325,20,84,144184182
104.985,20,84,144284241
105.563,20,84,144384299
106.038,20,84,144484365
139.636,18,85,144584422
139.678,18,85,144684478
139.329,18,85,144784539
139.818,18,85,144884596
140.081,18,85,144984657
143.171,16,99,145084713
142.466,16,99,145184770
142.59,16,99,145284832
142.518,16,99,145384889
141.65,16,99,145484949
137.808,17,99,145585006
138.289,17,99,145685062
138.205,17,99,145785120
137.584,17,99,145885178
137.97,17,99,145985238
142.397,17,99,146085302
142.933,17,99,146185363
142.622,17,99,146285446
144.538,17,99,146385504
145.343,17,99,146485562
150.031,18,99,146585625
103.084,18,99,146685682
100.026,18,99,146785739
101.929,18,99,146885798
107.799,18,99,146985858
116.318,18,98,147085914
111.025,18,98,147185971
117.502,18,98,147286030
116.341,18,98,147386088
119.211,18,98,147486147
125.197,17,99,147586204
122.155,17,99,147686261
122.429,17,99,147786321
124.356,17,99,147886378
122.868,17,99,147986435
117.521,18,99,148086493
116.639,18,99,148186549
118.587,18,99,148286608
119.786,18,99,148386666
121.666,18,99,148486726
125.159,17,82,148586788
125.573,17,82,148686807
122.323,17,82,148786863
123.841,17,82,148886918
123.184,17,82,148986976
104.601,18,99,149087034
108.65,18,99,149187094
115.795,18,99,149287151
119.208,18,99,149387215
129.733,18,99,149487272
176.177,18,72,149587334
171.909,18,72,149687393
169.764,18,72,149787450
165.292,18,72,149887505
161.747,18,72,149987570
172.321,17,99,150087632
168.509,17,99,150187688
167.053,17,99,150287745
162.334,17,99,150387802
155.199,17,99,150487859
130.282,18,82,150587916
130.721,18,82,150687972
132.434,18,82,150788031
132.255,18,82,150888089
131.238,18,82,150988150
130.517,17,99,151088207
128.73,17,99,151188263
129.847,17,99,151288321
130.145,17,99,151388386
130.043,17,99,151488448
127.307,17,99,151588509
130.826,17,99,151688569
131.362,17,99,151788627
131.207,17,99,151888684
131.582,17,99,151988743
139.538,18,99,152088799
136.595,18,99,152188859
134.042,18,99,152288914
134.217,18,99,152388969
135.3,18,99,152489029
133.319,18,99,152589085
134.501,18,99,152689140
135.118,18,99,152789197
135.198,18,99,152889254
135.049,18,99,152989312
143.037,18,99,153089370
139.633,18,99,153189427
139.285,18,99,153289483
138.131,18,99,153389541
137.518,18,99,153489600
138.48,18,99,153589657
138.225,18,99,153689714
138.538,18,99,153789773
138.313,18,99,153889832
138.766,18,99,153989891
141.173,17,99,154089949
140.971,17,99,154190007
141.42,17,99,154290069
140.96,17,99,154390128
141.967,17,99,154490185
171.74,17,99,154590242
163.999,17,99,154690300
162.001,17,99,154790360
163.795,17,99,154890418
165.074,17,99,154990474
166.065,18,99,155090530
163.902,18,99,155190585
162.191,18,99,155290642
162.263,18,99,155390699
162.54,18,99,155490756
164.745,17,99,155590814
166.681,17,99,155690879
165.023,17,99,155790937
167.047,17,99,155890996
167.364,17,99,155991054
170.242,18,99,156091109
167.023,18,99,156191164
166.986,18,99,156291221
153.022,18,99,156391275
149.305,18,99,156491329
124.611,17,99,156591384
121.354,17,99,156691438
121.817,17,99,156791493
123.116,17,99,156891547
127.911,17,99,156991601
144.53,18,84,157091655
94.4971,18,84,157191711
88.8784,18,84,157291766
93.3358,18,84,157391822
96.3813,18,84,157491877
98.4591,19,99,157591932
106.555,19,99,157691987
105.612,19,99,157792044
103.318,19,99,157892101
103.928,19,99,157992156
104.287,19,99,158092219
106.011,18,81,158192275
95.2144,18,81,158292331
88.6619,18,81,158392393
88.0304,18,81,158492450
87.9957,18,81,158592508
87.7226,19,78,158692568
87.5156,19,78,158792627
87.1194,19,78,158892687
86.4499,19,78,158992749
86.19,19,78,159092803
92.5854,19,75,159192857
92.6419,19,75,159292912
92.8398,19,75,159392968
92.6491,19,75,159493023
93.8424,19,75,159593078
92.6733,19,93,159693138
91.5793,19,93,159793199
88.0416,19,93,159893257
86.6689,19,93,159993313
85.8649,19,93,160093369
83.0068,19,79,160193428
83.7802,19,79,160293464
85.3935,19,79,160393519
86.1911,19,79,160493575
86.8917,19,79,160593630
89.144,18,88,160693686
95.3252,18,88,160793742
94.0531,18,88,160893798
95.173,18,88,160993853
94.0738,18,88,161093909
91.218,20,89,161193966
90.9072,20,89,161294023
90.2746,20,89,161394081
90.1205,20,89,161494139
89.9936,20,89,161594198
88.808,19,88,161694255
91.0052,19,88,161794315
92.2076,19,88,161894370
92.809,19,88,161994425
93.0439,19,88,162094479
94.162,19,87,162194535
90.8494,19,87,162294591
91.742,19,87,162394650
91.0544,19,87,162494706
90.4466,19,87,162594763
82.6583,18,75,162694820
83.0082,18,75,162794875
81.9715,18,75,162894929
85.3406,18,75,162994983
87.6329,18,75,163095042
90.2609,21,82,163195099
88.2329,21,82,163295161
89.1476,21,82,163395218
90.7696,21,82,163495275
92.0365,21,82,163595333
95.2154,19,97,163695390
94.8684,19,97,163795448
92.9981,19,97,163895507
91.4997,19,97,163995566
90.8624,19,97,164095622
86.9565,18,72,164195678
88.7556,18,72,164295735
88.7855,18,72,164395792
88.8114,18,72,164495851
89.3336,18,72,164595908
88.098,19,87,164695966
89.3272,19,87,164796025
90.0508,19,87,164896085
90.5305,19,87,164996143
90.7165,19,87,165096207
90.7749,19,89,165196265
90.6518,19,89,165296320
91.0276,19,89,165396342
91.1764,19,89,165496403
91.2056,19,89,165596460
91.2282,20,80,165696520
89.3948,20,80,165796576
93.285,20,80,165896632
94.8742,20,80,165996689
95.6425,20,80,166096747
94.7571,20,80,166196799
86.6758,18,89,166296857
88.6909,18,89,166396914
89.3726,18,89,166496971
89.5787,18,89,166597030
90.0289,18,89,166697088
95.9083,19,89,166797144
93.1175,19,89,166897202
91.4479,19,89,166997260
90.5324,19,89,167097317
90.5898,19,89,167197377
90.1342,19,75,167297435
91.71,19,75,167397494
89.4739,19,75,167497555
89.8432,19,75,167597614
88.9427,19,75,167697673
84.5356,19,89,167797731
87.2636,19,89,167897797
88.2249,19,89,167997856
87.6652,19,89,168097913
87.8366,19,89,168197974
93.3736,19,82,168298033
91.6596,19,82,168398095
90.1618,19,82,168498158
89.5132,19,82,168598216
88.0391,19,82,168698276
89.0884,19,72,168798334
89.4117,19,72,168898390
89.005,19,72,168998445
82.7229,19,72,169098500
84.4079,19,72,169198556
89.7424,18,88,169298611
90.2665,18,88,169398671
88.9989,18,88,169498729
88.4784,18,88,169598790
88.1964,18,88,169698852
93.6359,19,89,169798914
89.071,19,89,169898971
88.727,19,89,169999025
88.0315,19,89,170099072
86.7766,19,89,170199130
86.0931,18,94,170299187
84.0574,18,94,170399251
84.8457,18,94,170499311
85.4526,18,94,170599374
87.0942,18,94,170699434
83.5003,21,89,170799490
83.9553,21,89,170899548
82.6515,21,89,170999604
82.0724,21,89,171099661
81.5645,21,89,171199716
78.0579,19,98,171299773
74.5033,19,98,171399828
75.3455,19,98,171499885
77.6209,19,98,171599940
78.8783,19,98,171699996
84.1114,19,91,171800053
85.8612,19,91,171900113
83.1989,19,91,172000138
81.5055,19,91,172100195
80.6272,19,91,172200252
82.6378,18,86,172300309
82.1743,18,86,172400368
48.9194,18,86,172500425
58.2099,18,86,172600484
61.5197,18,86,172700541
74.5768,18,81,172800597
80.2633,18,81,172900653
80.6854,18,81,173000708
81.235,18,81,173100765
81.4865,18,81,173200821
81.5839,18,93,173300877
80.72,18,93,173400934
78.7964,18,93,173500990
78.3604,18,93,173601052
78.7921,18,93,173701111
78.0632,18,93,173801173
76.532,19,82,173901230
77.7371,19,82,174001285
78.2379,19,82,174101343
78.9588,19,82,174201400
78.5733,19,82,174301456
76.6411,18,96,174401511
76.7687,18,96,174501566
76.6083,18,96,174601623
76.5058,18,96,174701679
76.5838,18,96,174801736
75.4556,19,84,174901795
79.6346,19,84,175001851
79.9204,19,84,175101906
80.7726,19,84,175201970
80.2604,19,84,175302026
79.2456,19,79,175402083
80.6917,19,79,175502140
82.8195,19,79,175602197
82.941,19,79,175702253
83.8228,19,79,175802308
84.4024,19,89,175902363
83.9202,19,89,176002418
83.635,19,89,176102473
83.5643,19,89,176202529
84.6931,19,89,176302585
86.7491,19,82,176402643
86.5127,19,82,176502701
87.5232,19,82,176602759
86.3255,19,82,176702819
84.731,19,82,176802878
81.3471,19,83,176902936
80.8877,19,83,177002996
78.0916,19,83,177103054
78.8515,19,83,177203115
79.9059,19,83,177303172
78.376,19,93,177403230
80.4576,19,93,177503286
81.712,19,93,177603342
82.1043,19,93,177703399
82.1486,19,93,177803461
82.5355,19,95,177903518
82.98,19,95,178003575
82.9279,19,95,178103633
82.1737,19,95,178203690
82.4127,19,95,178303747
82.4131,19,87,178403804
82.8836,19,87,178503861
82.7118,19,87,178603918
82.801,19,87,178703974
82.7329,19,87,178804031
82.818,18,90,178904088
84.2949,18,90,179004144
83.687,18,90,179104200
84.3794,18,90,179204255
83.7059,18,90,179304309
84.2917,18,90,179404365
86.4472,19,95,179504420
72.5328,19,95,179604476
77.6374,19,95,179704533
80.4639,19,95,179804587
83.1286,19,95,179904643
91.2763,18,79,180004700
90.2911,18,79,180104756
87.9606,18,79,180204810
88.5991,18,79,180304867
85.4583,18,79,180404923
91.4955,18,80,180504981
94.1295,18,80,180605039
94.468,18,80,180705101
94.0674,18,80,180805158
93.2397,18,80,180905225
91.551,19,80,181005282
91.2972,19,80,181105339
91.1526,19,80,181205397
91.4805,19,80,181305456
92.101,19,80,181405513
101.662,18,81,181505572
104.385,18,81,181605629
107.49,18,81,181705692
109.708,18,81,181805752
111.689,18,81,181905807
117.5,18,73,182005863
119.311,18,73,182105918
119.44,18,73,182205973
118.852,18,73,182306029
119.244,18,73,182406084
124.623,18,98,182506140
127.791,18,98,182606197
128.567,18,98,182706253
126.594,18,98,182806308
125.145,18,98,182906362
117.569,18,90,183006419
118.631,18,90,183106474
121.659,18,90,183206530
122.899,18,90,183306586
120.78,18,90,183406647
103.507,19,95,183506706
101.371,19,95,183606764
100.74,19,95,183706800
100.744,19,95,183806859
100.57,19,95,183906918
117.07,18,87,184006977
117.325,18,87,184107036
117.064,18,87,184207094
116.912,18,87,184307152
114.786,18,87,184407210
76.6842,18,98,184507268
89.1947,18,98,184607325
108.814,18,98,184707383
109.752,18,98,184807442
105.295,18,98,184907501
107.559,19,95,185007561
106.045,19,95,185107619
100.305,19,95,185207685
98.3873,19,95,185307744
97.0184,19,95,185407809
92.5812,19,83,185507870
93.2675,19,83,185607935
96.9589,19,83,185707994
102.918,19,83,185808052
105.683,19,83,185908110
132.485,18,81,186008169
124.741,18,81,186108226
115.969,18,81,186208282
110.165,18,81,186308337
105.529,18,81,186408392
90.0009,19,88,186508447
90.0053,19,88,186608505
89.318,19,88,186708561
88.294,19,88,186808622
87.9415,19,88,186908681
87.3591,20,83,187008739
89.9637,20,83,187108794
85.8017,20,83,187208858
83.022,20,83,187308918
81.8333,20,83,187408979
80.5694,19,87,187509036
70.3178,19,87,187609095
74.5293,19,87,187709151
75.799,19,87,187809206
76.761,19,87,187909261
77.3142,19,73,188009316
80.0472,19,73,188109371
81.3906,19,73,188209434
81.7013,19,73,188309493
82.5409,19,73,188409550
82.4696,19,73,188509609
79.8676,19,70,188609673
79.8833,19,70,188709732
79.3708,19,70,188809795
81.3584,19,70,188909859
80.6578,19,70,189009920
73.7436,19,89,189109980
73.7254,19,89,189210040
74.689,19,89,189310103
75.6751,19,89,189410135
76.3022,19,89,189510195
78.5632,18,90,189610257
79.414,18,90,189710320
79.8874,18,90,189810377
80.5525,18,90,189910435
83.3381,18,90,190010493
74.6812,19,82,190110555
77.9682,19,82,190210612
77.9669,19,82,190310670
77.3233,19,82,190410729
78.5224,19,82,190510787
80.8113,19,77,190610844
84.0276,19,77,190710901
84.2078,19,77,190810963
83.4472,19,77,190911021
83.6822,19,77,191011078
80.2568,19,78,191111134
79.3189,19,78,191211190
78.6121,19,78,191311248
77.9344,19,78,191411305
77.7944,19,78,191511362
80.4656,19,76,191611420
83.6941,19,76,191711477
85.0789,19,76,191811534
83.9412,19,76,191911593
83.2428,19,76,192011653
80.9913,19,72,192111712
83.0809,19,72,192211774
83.0427,19,72,192311833
83.2183,19,72,192411891
83.4856,19,72,192511952
79.2959,19,75,192612009
75.9859,19,75,192712067
76.8205,19,75,192812123
77.5331,19,75,192912179
77.8548,19,75,193012241
74.3494,18,81,193112297
76.298,18,81,193212352
60.2418,18,81,193312408
64.3919,18,81,193412465
66.7859,18,81,193512520
72.5953,18,87,193612578
73.7076,18,87,193712635
74.6227,18,87,193812691
74.1737,18,87,193912745
74.3163,18,87,194012801
74.8132,18,85,194112856
76.0695,18,85,194212913
77.6386,18,85,194312969
77.996,18,85,194413025
78.9521,18,85,194513083
79.3544,19,85,194613140
78.4629,19,85,194713197
78.0024,19,85,194813254
78.1245,19,85,194913312
78.3037,19,85,195013369
78.2608,19,85,195113426
75.8808,19,92,195213460
76.6323,19,92,195313516
78.1083,19,92,195413571
77.7667,19,92,195513630
78.3335,19,92,195613685
80.9595,18,99,195713740
81.139,18,99,195813795
80.9469,18,99,195913851
80.9007,18,99,196013906
80.6632,18,99,196113961
77.8768,20,89,196214019
76.2253,20,89,196314077
76.6214,20,89,196414134
76.662,20,89,196514193
76.772,20,89,196614249
78.0092,20,84,196714306
77.0864,20,84,196814366
76.9663,20,84,196914425
76.6298,20,84,197014480
75.9133,20,84,197114535
78.1995,20,94,197214591
79.653,20,94,197314646
80.884,20,94,197414701
78.9485,20,94,197514757
79.0982,20,94,197614812
74.5323,20,94,197714867
74.4657,20,94,197814922
76.3572,20,94,197914979
77.09,20,94,198015036
76.8797,20,94,198115092
79.0561,20,99,198215147
77.6679,20,99,198315201
78.4375,20,99,198415255
78.5713,20,99,198515311
78.8578,20,99,198615366
79.6892,20,92,198715421
79.9499,20,92,198815475
80.124,20,92,198915535
81.3244,20,92,199015591
81.8245,20,92,199115646
79.7533,20,88,199215702
80.3107,20,88,199315763
79.0182,20,88,199415825
79.2207,20,88,199515884
79.708,20,88,199615943
81.7261,21,92,199716000
81.9409,21,92,199816060
82.4212,21,92,199916116
82.5606,21,92,200016173
82.7813,21,92,200116229
86.9868,21,90,200216285
84.1385,21,90,200316348
84.3761,21,90,200416405
85.4054,21,90,200516463
85.2077,21,90,200616527
76.3825,20,89,200716589
85.4933,20,89,200816645
84.93,20,89,200916700
84.4686,20,89,201016757
84.1501,20,89,201116794
81.8867,20,99,201216849
84.8184,20,99,201316904
82.0135,20,99,201416960
80.9046,20,99,201517017
80.4488,20,99,201617073
81.7762,19,96,201717129
79.6411,19,96,201817188
80.4883,19,96,201917248
80.8239,19,96,202017309
81.044,19,96,202117366
80.289,21,99,202217424
82.7868,21,99,202317482
81.255,21,99,202417539
72.9307,21,99,202517593
79.7506,21,99,202617651
114.561,19,78,202717708
102.25,19,78,202817765
103.083,19,78,202917821
101.882,19,78,203017879
100.335,19,78,203117937
91.7263,22,73,203217995
94.5269,22,73,203318052
90.6934,22,73,203418109
88.1641,22,73,203518165
86.9388,22,73,203618222
85.9914,21,85,203718277
82.1183,21,85,203818333
81.7599,21,85,203918388
82.1072,21,85,204018398
82.0473,21,85,204118455
82.4626,21,99,204218511
83.7574,21,99,204318569
83.2709,21,99,204418628
84.1944,21,99,204518685
84.7861,21,99,204618741
84.737,21,99,204718801
82.4849,21,89,204818858
85.8309,21,89,204918918
91.5471,21,89,205019010
96.6324,21,89,205119069
99.3874,21,89,205219127
113.102,21,88,205319185
108.434,21,88,205419246
108.403,21,88,205519305
108.689,21,88,205619360
108.927,21,88,205719418
109.944,20,87,205819477
109.722,20,87,205919535
110.034,20,87,206019594
109.871,20,87,206119656
110.028,20,87,206219718
108.4,20,87,206319778
109.201,20,87,206419839
107.222,20,87,206519899
106.724,20,87,206619957
103.136,20,87,206720013
100.461,20,87,206820070
102.726,20,87,206920131
114.767,20,87,207020188
121.918,20,87,207120244
119.967,20,87,207220301
90.5907,19,90,207320357
89.08,19,90,207420419
86.3947,19,90,207520476
86.9457,19,90,207620537
87.6467,19,90,207720596
90.303,19,94,207820659
90.3179,19,94,207920717
92.1178,19,94,208020775
93.2056,19,94,208120832
96.0578,19,94,208220893
123.31,19,95,208320950
129.595,19,95,208421007
136.595,19,95,208521067
139.126,19,95,208621126
136.668,19,95,208721161
89.4748,20,91,208821218
100.882,20,91,208921275
100.981,20,91,209021340
99.7255,20,91,209121397
98.9532,20,91,209221463
86.3379,19,81,209321520
83.4848,19,81,209421576
87.1677,19,81,209521634
87.5548,19,81,209621691
87.6843,19,81,209721748
88.7217,18,87,209821803
89.2709,18,87,209921862
89.2909,18,87,210021921
89.1545,18,87,210121981
88.8893,18,87,210222042
97.704,19,77,210322105
108.603,19,77,210422165
111.847,19,77,210522224
114.251,19,77,210622281
114.963,19,77,210722340
112.943,20,83,210822398
110.638,20,83,210922463
101.123,20,83,211022521
99.5485,20,83,211122584
97.2595,20,83,211222644
92.584,19,94,211322705
93.3992,19,94,211422765
71.6982,19,94,211522823
69.0214,19,94,211622883
75.5201,19,94,211722941
101.112,19,70,211823000
101.802,19,70,211923057
100.224,19,70,212023113
98.8609,19,70,212123167
97.0257,19,70,212223226
90.0171,20,18,212323283
90.573,20,18,212423341
92.6866,20,18,212523397
93.252,20,18,212623460
92.6619,20,18,212723517
98.3671,20,87,212823574
91.9171,20,87,212923633
90.2403,20,87,213023690
88.5328,20,87,213123747
86.7712,20,87,213223804
86.0903,19,93,213323861
80.364,19,93,213423918
81.5528,19,93,213523972
82.8193,19,93,213624030
83.1162,19,93,213724088
83.8715,20,91,213824145
92.5121,20,91,213924201
89.5576,20,91,214024258
88.619,20,91,214124314
88.0252,20,91,214224370
90.3145,19,66,214324425
99.3388,19,66,214424481
97.2136,19,66,214524537
98.1351,19,66,214624594
98.7249,19,66,214724651
99.0818,19,66,214824708
90.2181,19,88,214924764
97.497,19,88,215024822
100.747,19,88,215124881
102.151,19,88,215224938
103.552,19,88,215324992
100.11,19,93,215425048
96.87,19,93,215525103
95.6453,19,93,215625158
96.4119,19,93,215725215
98.2246,19,93,215825271
109.109,19,89,215925328
108.328,19,89,216025385
109.016,19,89,216125442
109.192,19,89,216225499
108.04,19,89,216325511
104.619,19,79,216425571
105.93,19,79,216525629
106.421,19,79,216625685
107.005,19,79,216725741
108.754,19,79,216825798
120.846,19,76,216925855
116.47,19,76,217025912
117.364,19,76,217125969
117.425,19,76,217226028
117.752,19,76,217326087
115.612,19,76,217426145
113.736,19,76,217526205
113.905,19,76,217626262
112.419,19,76,217726303
109.5,19,76,217826361
96.581,19,77,217926419
95.152,19,77,218026476
95.9516,19,77,218126534
95.5785,19,77,218226592
96.3269,19,77,218326649
102.844,20,89,218426708
100.891,20,89,218526768
103.65,20,89,218626792
104.586,20,89,218726853
105.714,20,89,218826912
111.014,20,86,218926968
112.054,20,86,219027023
111.244,20,86,219127077
109.954,20,86,219227133
109.35,20,86,219327188
109.237,19,85,219427245
105.095,19,85,219527306
104.222,19,85,219627364
105.239,19,85,219727426
105.46,19,85,219827483
104.85,19,38,219927542
105.837,19,38,220027600
106.353,19,38,220127660
107.222,19,38,220227718
107.688,19,38,220327776
110.816,26,83,220427831
110.394,26,83,220527886
110.811,26,83,220627945
