os,cpu,gpu,ram,kernel,driver
Arch Linux,AMD Ryzen 7 3700X 8-Core Processor,Radeon RX 5600 OEM/5600 XT / 5700/5700 XT,16406292,5.8.1-arch1-1,4.6 Mesa 20.2.0-devel
127.981,13,99,81
128.945,13,99,100137
128.493,13,99,200193
128.375,13,99,300249
128.036,13,99,400304
133.327,13,99,500361
128.751,13,99,600417
128.303,13,99,700473
127.972,13,99,800528
126.287,13,99,900588
89.823,14,99,1000645
114.054,14,99,1100701
120.646,14,99,1200756
122.919,14,99,1300813
124.393,14,99,1400867
129.166,14,82,1500921
128.513,14,82,1600976
128.126,14,82,1701030
128.332,14,82,1801084
128.454,14,82,1901138
131.062,14,99,2001199
129.126,14,99,2101260
129.679,14,99,2201322
129.435,14,99,2301378
129.261,14,99,2401440
128.95,13,99,2501498
129.071,13,99,2601555
128.505,13,99,2701613
129.117,13,99,2801670
129.019,13,99,2901729
129.529,14,99,3001791
126.157,14,99,3101851
131.627,14,99,3201910
131.379,14,99,3301969
131.416,14,99,3402024
131.306,15,99,3502086
134.149,15,99,3602145
134.153,15,99,3702204
133.808,15,99,3802266
133.282,15,99,3902325
133.441,15,99,4002385
138.779,15,99,4102446
137.835,15,99,4202504
137.831,15,99,4302562
137.517,15,99,4402619
136.99,15,99,4502676
132.935,15,99,4602735
132.793,15,99,4702777
132.768,15,99,4802834
132.184,15,99,4902891
132.099,15,99,5002947
131.494,14,99,5103007
130.946,14,99,5203063
134.692,14,99,5303120
135.735,14,99,5403177
136.664,14,99,5503237
141.351,14,90,5603292
141.635,14,90,5703348
142.323,14,90,5803402
142.969,14,90,5903461
143.598,14,90,6003518
143.554,15,99,6103575
142.56,15,99,6203631
142.121,15,99,6303688
141.501,15,99,6403744
140.949,15,99,6503802
116.264,14,99,6603858
126.525,14,99,6703914
129.858,14,99,6803972
130.998,14,99,6904027
131.62,14,99,7004086
133.376,15,99,7104142
133.792,15,99,7204201
133.558,15,99,7304256
133.164,15,99,7404316
131.921,15,99,7504374
118.661,16,88,7604433
112.022,16,88,7704490
111.829,16,88,7804548
115.89,16,88,7904608
118.131,16,88,8004667
124.98,15,99,8104723
124.898,15,99,8204781
124.692,15,99,8304838
124.528,15,99,8404896
124.582,15,99,8504952
121.712,15,89,8605012
121.321,15,89,8705073
120.735,15,89,8805139
120.309,15,89,8905200
119.416,15,89,9005261
116.223,14,63,9105330
116.405,14,63,9205390
116.6,14,63,9305454
116.413,14,63,9405510
116.668,14,63,9505570
123.096,15,71,9605628
122.781,15,71,9705687
122.405,15,71,9805708
122.816,15,71,9905763
123.142,15,71,10005822
124.252,15,93,10105879
124.262,15,93,10205940
123.815,15,93,10306001
124.064,15,93,10406059
124.021,15,93,10506109
125.368,15,99,10606167
125.759,15,99,10706225
125.952,15,99,10806282
125.988,15,99,10906342
126.097,15,99,11006405
127.972,15,99,11106461
127.446,15,99,11206523
126.968,15,99,11306584
127.245,15,99,11406642
127.447,15,99,11506700
128.172,15,99,11606757
127.423,15,99,11706813
128.138,15,99,11806873
128.642,15,99,11906929
129.019,15,99,12006985
130.544,15,99,12107044
130.369,15,99,12207101
130.288,15,99,12307159
130.256,15,99,12407216
130.571,15,99,12507274
132.899,14,99,12607332
132.655,14,99,12707390
133.434,14,99,12807448
134,14,99,12907505
133.88,14,99,13007564
140.403,15,99,13107620
136.643,15,99,13207675
136.479,15,99,13307732
137.106,15,99,13407788
137.552,15,99,13507846
140.509,16,99,13607907
144.868,16,99,13707964
144.96,16,99,13808020
146.094,16,99,13908080
146.21,16,99,14008139
144.04,16,99,14108202
148.124,16,99,14208266
146.921,16,99,14308326
146.387,16,99,14408384
145.688,16,99,14508444
140.499,17,99,14608504
141.736,17,99,14708565
141.348,17,99,14808622
141.467,17,99,14908682
141.454,17,99,15008740
136.761,15,99,15108800
142.432,15,99,15208861
142.808,15,99,15308922
141.617,15,99,15408982
140.831,15,99,15509044
129.316,14,99,15609105
138.897,14,99,15709168
138.92,14,99,15809228
139.065,14,99,15909285
138.038,14,99,16009343
136.568,15,99,16109400
128.399,15,99,16209445
127.456,15,99,16309502
125.725,15,99,16409559
124.311,15,99,16509616
123.4,15,72,16609672
117.366,15,72,16709732
117.795,15,72,16809789
117.378,15,72,16909849
114.525,15,72,17009911
114.763,15,72,17109967
114.475,15,81,17210023
114.492,15,81,17310080
114.158,15,81,17410137
115.102,15,81,17510199
117.073,15,81,17610256
125.075,14,78,17710312
127.18,14,78,17810373
128.824,14,78,17910431
130.352,14,78,18010493
131.221,14,78,18110551
132.496,15,99,18210610
132.177,15,99,18310673
131.498,15,99,18410733
131.23,15,99,18510792
131.405,15,99,18610852
131.806,14,99,18710909
130.918,14,99,18810968
130.448,14,99,18911026
130.1,14,99,19011085
129.929,14,99,19111143
130.885,13,99,19211202
130.479,13,99,19311261
129.876,13,99,19411321
129.54,13,99,19511379
129.544,13,99,19611436
129.599,14,99,19711495
128.322,14,99,19811555
127.975,14,99,19911617
128.779,14,99,20011678
128.944,14,99,20111739
130.381,14,99,20211799
129.837,14,99,20311856
129.806,14,99,20411914
129.742,14,99,20511972
129.504,14,99,20612032
128.322,13,99,20712088
128.074,13,99,20812189
128.228,13,99,20912252
128.694,13,99,21012311
128.805,13,99,21112375
129.897,13,99,21212439
129.278,13,99,21312500
128.621,13,99,21412561
127.964,13,99,21512620
127.577,13,99,21612678
124.815,13,99,21712738
123.834,13,99,21812776
124.168,13,99,21912833
125.322,13,99,22012896
125.872,13,99,22112953
126.494,12,99,22213010
125.851,12,99,22313067
141.937,12,99,22413124
148.789,12,99,22513185
153.018,12,99,22613242
171.735,14,99,22713300
172.39,14,99,22813357
172.896,14,99,22913415
173.141,14,99,23013471
173.865,14,99,23113528
172.514,15,99,23213583
172.567,15,99,23313639
172.377,15,99,23413695
172.47,15,99,23513751
172.39,15,99,23613808
169.802,14,99,23713863
169.712,14,99,23813921
169.407,14,99,23913981
169.79,14,99,24014038
170.007,14,99,24114096
171.354,14,99,24214153
170.192,14,99,24314211
170.834,14,99,24414268
171.855,14,99,24514324
173.075,14,99,24614380
174.483,14,99,24714439
176.376,14,99,24814497
175.795,14,99,24914554
176.217,14,99,25014613
176.106,14,99,25114673
181.862,15,99,25214734
178.285,15,99,25314794
176.255,15,99,25414854
175.134,15,99,25514913
174.625,15,99,25614972
174.376,15,99,25715034
173.947,15,99,25815098
172.094,15,99,25915161
171.594,15,99,26015225
171.579,15,99,26115288
175.878,14,99,26215345
175.574,14,99,26315401
175.919,14,99,26415458
176.197,14,99,26515518
176.182,14,99,26615576
175.289,15,99,26715633
174.069,15,99,26815692
173.093,15,99,26915750
172.044,15,99,27015811
171.955,15,99,27115875
170.833,14,99,27215936
166.427,14,99,27316000
164.548,14,99,27416059
165.025,14,99,27516109
164.98,14,99,27616166
165.706,14,99,27716224
163.703,14,99,27816283
162.284,14,99,27916339
161.131,14,99,28016398
159.331,14,99,28116454
145.964,13,99,28216512
146.194,13,99,28316569
146.382,13,99,28416626
146.626,13,99,28516684
146.59,13,99,28616740
145.026,14,99,28716797
144.205,14,99,28816854
142.873,14,99,28916911
142.423,14,99,29016969
141.999,14,99,29117026
137.419,14,99,29217083
141.4,14,99,29317140
142.216,14,99,29417196
142.37,14,99,29517253
142.635,14,99,29617309
142.847,14,99,29717366
146.291,14,99,29817423
146.257,14,99,29917479
145.698,14,99,30017536
147.094,14,99,30117593
146.994,16,98,30217650
123.233,16,98,30317708
123.979,16,98,30417766
125.301,16,98,30517823
127.016,16,98,30617880
135.373,15,99,30717938
130.285,15,99,30817997
130.011,15,99,30918057
130.164,15,99,31018116
130.201,15,99,31118176
128.766,15,99,31218235
122.123,15,99,31318294
121.775,15,99,31418354
122.444,15,99,31518414
123.179,15,99,31618474
123.712,13,99,31718533
127.165,13,99,31818589
126.362,13,99,31918648
125.699,13,99,32018704
125.309,13,99,32118763
124.535,13,99,32218822
119.909,13,99,32318883
119.82,13,99,32418939
119.507,13,99,32518969
119.35,13,99,32619025
119.204,13,99,32719083
120.599,12,99,32819142
120.074,12,99,32919201
119.905,12,99,33019259
120.195,12,99,33119315
120.332,12,99,33219371
120.54,13,99,33319435
119.91,13,99,33419491
119.691,13,99,33519545
119.691,13,99,33619599
119.479,13,99,33719654
119.238,13,99,33819710
120.402,13,99,33919765
121.944,13,99,34019819
123.344,13,99,34119874
124.239,13,99,34219931
128.521,13,99,34319985
128.698,13,99,34420040
128.759,13,99,34520095
129.023,13,99,34620149
129.071,13,99,34720204
115.565,14,99,34820259
125.423,14,99,34920314
125.251,14,99,35020370
124.913,14,99,35120427
124.799,14,99,35220484
125.167,13,99,35320540
123.216,13,99,35420595
122.701,13,99,35520651
122.662,13,99,35620707
122.602,13,99,35720764
118.744,13,99,35820823
120.22,13,99,35920879
120.949,13,99,36020937
122.096,13,99,36120996
122.756,13,99,36221054
126.566,13,99,36321113
125.451,13,99,36421170
124.619,13,99,36521227
123.359,13,99,36621285
122.762,13,99,36721344
117.901,13,99,36821401
119.133,13,99,36921457
120.491,13,99,37021517
121.349,13,99,37121574
121.983,13,99,37221631
124.283,13,99,37321691
123.424,13,99,37421751
123.176,13,99,37521811
123.007,13,99,37621867
122.746,13,99,37721925
120.132,12,99,37821985
120.783,12,99,37922044
121.062,12,99,38022101
121.616,12,99,38122159
123.65,12,99,38222219
135.785,13,99,38322279
136.385,13,99,38422337
136.038,13,99,38522397
137.055,13,99,38622458
138.646,13,99,38722516
152.874,13,99,38822573
153.753,13,99,38922633
151.661,13,99,39022690
151.083,13,99,39122749
151.326,13,99,39222772
147.852,15,99,39322829
152.292,15,99,39422886
152.185,15,99,39522942
151.121,15,99,39622998
149.963,15,99,39723053
146.101,13,99,39823110
147.992,13,99,39923165
147.692,13,99,40023222
147.816,13,99,40123277
147.728,13,99,40223332
143.513,14,99,40323388
142.239,14,99,40423444
142.6,14,99,40523503
142.188,14,99,40623560
142.098,14,99,40723615
143.113,14,99,40823673
143.667,14,99,40923732
143.296,14,99,41023789
142.742,14,99,41123848
142.208,14,99,41223905
127.425,16,99,41323961
128.205,16,99,41424016
131.158,16,99,41524073
133.08,16,99,41624129
135.217,16,99,41724185
155.866,16,99,41824243
153.115,16,99,41924303
150.991,16,99,42024364
147.359,16,99,42124425
144.316,16,99,42224484
136.457,15,99,42324545
132.897,15,99,42424603
134.313,15,99,42524663
135.747,15,99,42624721
138.449,15,99,42724783
146.9,16,99,42824844
147.677,16,99,42924901
148.074,16,99,43024958
147.435,16,99,43125013
145.836,16,99,43225071
142.47,16,99,43325126
147.475,16,99,43425185
147.236,16,99,43525243
146.475,16,99,43625301
145.507,16,99,43725355
146.757,16,99,43825413
138.637,16,99,43925467
138.567,16,99,44025523
137.663,16,99,44125585
136.788,16,99,44225639
122.639,16,99,44325698
131.77,16,99,44425756
131.467,16,99,44525814
128.199,16,99,44625869
126.591,16,99,44725925
125.552,14,99,44825980
121.385,14,99,44926041
121.249,14,99,45026101
121.488,14,99,45126164
122.006,14,99,45226229
123.2,13,80,45326286
126.103,13,80,45426344
129.863,13,80,45526399
131.959,13,80,45626453
133.687,13,80,45726510
134.833,13,80,45826567
139.74,13,79,45926623
140.499,13,79,46026683
140.52,13,79,46126740
140.199,13,79,46226800
139.537,13,79,46326857
133.075,14,99,46426914
132.478,14,99,46526971
131.457,14,99,46627029
130.68,14,99,46727086
129.902,14,99,46827148
127.206,14,99,46927205
128.326,14,99,47027262
128.378,14,99,47127322
128.286,14,99,47227383
128.582,14,99,47327446
128.539,13,99,47427511
128.025,13,99,47527572
127.46,13,99,47627632
126.783,13,99,47727691
125.977,13,99,47827753
123.743,13,99,47927816
124.642,13,99,48027878
124.807,13,99,48127938
125.648,13,99,48227995
126.422,13,99,48328054
131.037,14,99,48428111
129.627,14,99,48528173
128.853,14,99,48628232
128.398,14,99,48728292
127.934,14,99,48828349
127.505,13,99,48928411
128.08,13,99,49028470
128.149,13,99,49128531
128.376,13,99,49228591
128.571,13,99,49328652
130.489,14,99,49428707
130.942,14,99,49528767
130.805,14,99,49628825
130.79,14,99,49728886
130.786,14,99,49828944
130.085,14,99,49929002
129.986,14,99,50029060
129.673,14,99,50129123
129.589,14,99,50229180
129.321,14,99,50329243
129.053,14,99,50429299
127.921,14,99,50529355
127.479,14,99,50629413
127.585,14,99,50729441
127.85,14,99,50829499
132.365,14,99,50929557
133.66,14,99,51029614
134.805,14,99,51129674
135.216,14,99,51229732
135.632,14,99,51329793
138.072,14,99,51429851
137.177,14,99,51529907
137.7,14,99,51629965
138.208,14,99,51730024
138.387,14,99,51830082
138.532,14,99,51930140
138.801,14,99,52030198
139.216,14,99,52130255
139.136,14,99,52230313
139.206,14,99,52330370
141.316,14,99,52430427
141.243,14,99,52530484
141.058,14,99,52630542
140.949,14,99,52730597
140.942,14,99,52830654
142.656,15,99,52930711
141.84,15,99,53030889
141.517,15,99,53130955
143.512,15,99,53231012
146.428,15,99,53331069
155.355,16,99,53431126
154.54,16,99,53531182
149.624,16,99,53631241
144.653,16,99,53731295
142.284,16,99,53831353
133.732,15,99,53931407
131.899,15,99,54031463
138.144,15,99,54131521
143.242,15,99,54231576
146.202,15,99,54331632
156.212,16,99,54431689
157.53,16,99,54531748
156.263,16,99,54631808
149.777,16,99,54731865
144.237,16,99,54831922
130.194,15,99,54931980
147.142,15,99,55032037
150.344,15,99,55132096
151.213,15,99,55232155
151.781,15,99,55332211
152.775,16,67,55432269
140.215,16,67,55532325
134.569,16,67,55632384
134.847,16,67,55732440
134.076,16,67,55832500
130.177,14,99,55932558
145.241,14,99,56032621
150.189,14,99,56132682
152.22,14,99,56232740
153.995,14,99,56332765
161.625,16,99,56432822
159.978,16,99,56532876
155.941,16,99,56632933
154.445,16,99,56732988
153.959,16,99,56833045
153.343,16,99,56933099
152.464,16,99,57033160
152.298,16,99,57133217
151.965,16,99,57233272
151.841,16,99,57333328
151.282,14,99,57433390
151.03,14,99,57533449
151.041,14,99,57633504
151.611,14,99,57733559
152.791,14,99,57833614
151.244,16,99,57933670
154.548,16,99,58033727
155.479,16,99,58133782
155.859,16,99,58233838
156.209,16,99,58333897
157.983,16,99,58433956
152.525,16,99,58534014
149.202,16,99,58634068
147.699,16,99,58734124
146.659,16,99,58834181
141.208,15,99,58934343
146.397,15,99,59034399
146.35,15,99,59134457
145.654,15,99,59234520
146.946,15,99,59334576
152.736,14,81,59434630
147.848,14,81,59534690
146.527,14,81,59634745
146.3,14,81,59734804
146.371,14,81,59834862
149.417,14,99,59934921
147.3,14,99,60034981
146.353,14,99,60135041
145.867,14,99,60235102
145.727,14,99,60335161
142.106,13,99,60435221
142.758,13,99,60535281
142.55,13,99,60635338
142.627,13,99,60735396
142.147,13,99,60835453
143.089,14,99,60935514
142.198,14,99,61035578
127.668,14,99,61135639
138.622,14,99,61235698
144.158,14,99,61335756
164.222,14,99,61435816
165.55,14,99,61535874
166.125,14,99,61635930
165.004,14,99,61735989
165.005,14,99,61836048
165.481,13,99,61936101
159.773,13,99,62036158
159.237,13,99,62136214
158.559,13,99,62236271
159.842,13,99,62336328
172.058,14,99,62436384
168.015,14,99,62536441
168.213,14,99,62636497
165.53,14,99,62736558
163.571,14,99,62836615
157.853,14,99,62936673
158.868,14,99,63036729
160.582,14,99,63136786
162.326,14,99,63236842
162.843,14,99,63336899
162.15,12,99,63436954
159.904,12,99,63537010
158.694,12,99,63637066
158.724,12,99,63737122
157.539,12,99,63837178
156.693,12,99,63937234
156.008,12,99,64037290
155.428,12,99,64137345
156.279,12,99,64237401
158.059,12,99,64337457
160.077,12,99,64437513
169.092,12,99,64537569
170.941,12,99,64637624
171.6,12,99,64737679
171.905,12,99,64837736
171.559,12,99,64937791
163.927,14,99,65037848
156.301,14,99,65137905
155.139,14,99,65237960
155.05,14,99,65338015
155.311,14,99,65438070
154.961,13,99,65538125
154.952,13,99,65638179
154.84,13,99,65738234
154.622,13,99,65838289
154.312,13,99,65938344
151.42,13,99,66038399
151.63,13,99,66138455
134.563,13,99,66238510
138.084,13,99,66338566
140.091,13,99,66438622
148.767,13,99,66538678
149.014,13,99,66638733
149.091,13,99,66738794
149.056,13,99,66838851
149.121,13,99,66938907
149.003,13,99,67038963
148.879,13,99,67139019
149.401,13,99,67239073
149.416,13,99,67339127
149.45,13,99,67439182
149.396,15,99,67539238
148.289,15,99,67639293
147.879,15,99,67739349
147.1,15,99,67839404
147.079,15,99,67939432
147.639,12,99,68039487
148.817,12,99,68139542
149.159,12,99,68239598
149.315,12,99,68339653
149.184,12,99,68439708
148.892,10,99,68539762
149.14,10,99,68639816
148.92,10,99,68739871
149.187,10,99,68839931
146.341,10,99,68939988
132.902,12,99,69040046
133.549,12,99,69140101
133.882,12,99,69240157
133.74,12,99,69340214
133.666,12,99,69440270
132.424,13,99,69540332
132.199,13,99,69640390
131.417,13,99,69740448
130.852,13,99,69840509
130.152,13,99,69940564
144.893,12,99,70040624
144.51,12,99,70140688
143.887,12,99,70240749
142.936,12,99,70340807
141.392,12,99,70440862
134.91,13,99,70540918
137.512,13,99,70640978
137.34,13,99,70741038
137.134,13,99,70841094
137.637,13,99,70941153
136.502,13,99,71041209
136.213,13,99,71141264
135.782,13,99,71241321
135.399,13,99,71341377
134.908,13,99,71441433
131.455,12,99,71541491
129.45,12,99,71641547
126.199,12,99,71741603
122.714,12,99,71841659
124.125,12,99,71941714
153.448,13,99,72041771
151.654,13,99,72141826
152.256,13,99,72241882
148.985,13,99,72341938
146.143,13,99,72441994
137.382,14,99,72542050
136.792,14,99,72642107
137.13,14,99,72742163
137.455,14,99,72842220
137.025,14,99,72942277
138.258,14,99,73042333
139.255,14,99,73142393
139.394,14,99,73242452
139.09,14,99,73342509
137.847,14,99,73442565
127.578,13,99,73542621
128.241,13,99,73642678
128.477,13,99,73742734
128.486,13,99,73842769
128.701,13,99,73942825
128.153,14,99,74042856
129.468,14,99,74142918
129.426,14,99,74242984
129.475,14,99,74343047
129.299,14,99,74443108
126.547,14,99,74543166
127.151,14,99,74643225
126.847,14,99,74743284
126.412,14,99,74843348
125.964,14,99,74943409
126.095,14,99,75043468
126.127,14,99,75143528
126.412,14,99,75243589
126.642,14,99,75343647
126.55,14,99,75443709
124.86,15,99,75543768
124.179,15,99,75643829
123.942,15,99,75743889
123.738,15,99,75843951
123.611,15,99,75944012
124.399,14,99,76044076
123.131,14,99,76144138
123.122,14,99,76244199
122.607,14,99,76344261
122.251,14,99,76444320
122.195,14,99,76544380
120.404,14,99,76644439
120.053,14,99,76744496
119.681,14,99,76844553
120.2,14,99,76944610
116.158,14,99,77044667
118.437,14,99,77144724
118.442,14,99,77244781
118.965,14,99,77344838
119.855,14,99,77444896
118.589,14,99,77544953
121.323,14,99,77645017
122.011,14,99,77745080
122.126,14,99,77845139
122.703,14,99,77945200
126.215,14,99,78045259
123.675,14,99,78145322
124.174,14,99,78245381
124.704,14,99,78345442
125.392,14,99,78445502
115.009,13,99,78545560
127.771,13,99,78645617
126.428,13,99,78745678
128.035,13,99,78845742
128.381,13,99,78945804
128.446,13,99,79045864
129.082,13,99,79145924
129.618,13,99,79245985
129.637,13,99,79346045
129.489,13,99,79446103
128.696,14,99,79546160
117.076,14,99,79646218
115.534,14,99,79746284
116.518,14,99,79846349
117.32,14,99,79946414
118.476,14,99,80046474
120.712,13,99,80146533
118.052,13,99,80246594
117.082,13,99,80346652
117.665,13,99,80446710
117.936,13,99,80546766
122.509,13,99,80646822
121.39,13,99,80746882
119.462,13,99,80846940
118.617,13,99,80946997
118.178,13,99,81047054
114.239,13,95,81147111
121.704,13,95,81247169
131.087,13,95,81347225
135.629,13,95,81447283
138.921,13,95,81547339
151.926,11,73,81647394
149.316,11,73,81747451
144.159,11,73,81847508
141.338,11,73,81947567
139.403,11,73,82047624
131.903,13,99,82147683
132.926,13,99,82247739
132.83,13,99,82347797
133.335,13,99,82447853
134.164,13,99,82547910
135.739,13,99,82647966
136.81,13,99,82748021
137.189,13,99,82848076
137.22,13,99,82948132
136.982,13,99,83048186
137.131,13,99,83148243
136.743,13,99,83248300
100.887,13,99,83348357
110.138,13,99,83448414
115.422,13,99,83548474
136.537,13,99,83648533
136.576,13,99,83748593
137.081,13,99,83848651
137.068,13,99,83948710
137.119,13,99,84048769
139.026,15,99,84148829
138.448,15,99,84248885
138.827,15,99,84348944
138.995,15,99,84449002
139.284,15,99,84549059
139.44,14,99,84649115
139.927,14,99,84749173
139.725,14,99,84849229
139.442,14,99,84949284
139.575,14,99,85049340
140.068,15,99,85149396
140.049,15,99,85249433
111.063,15,99,85349491
101.068,15,99,85449549
110.104,15,99,85549606
139.392,15,99,85649663
138.913,15,99,85749720
139.397,15,99,85849776
139.405,15,99,85949832
139.706,15,99,86049887
140.445,15,99,86149943
140.936,15,99,86250000
141.204,15,99,86350057
141.45,15,99,86450114
141.358,15,99,86550179
138.644,14,99,86650242
142.559,14,99,86750298
142.908,14,99,86850355
143.126,14,99,86950412
143.126,14,99,87050467
142.239,15,99,87150525
142.988,15,99,87250584
143.383,15,99,87350641
143.834,15,99,87450698
145.174,15,99,87550755
156.887,16,99,87650814
155.544,16,99,87750872
154.163,16,99,87850927
153.748,16,99,87950988
153.04,16,99,88051047
151.213,16,99,88151105
151.124,16,99,88251164
152.269,16,99,88351224
152.708,16,99,88451282
153.182,16,99,88551336
154.927,15,99,88651396
155.054,15,99,88751456
154.72,15,99,88851514
154.073,15,99,88951574
153.664,15,99,89051631
153.822,14,99,89151690
151.53,14,99,89251748
151.129,14,99,89351806
150.556,14,99,89451865
151.152,14,99,89551924
151.263,16,99,89651985
151.792,16,99,89752042
152.046,16,99,89852101
151.988,16,99,89952159
152.116,16,99,90052217
152.068,14,99,90152274
152.293,14,99,90252334
152.248,14,99,90352392
151.882,14,99,90452452
151.329,14,99,90552509
152.172,16,99,90652570
148.184,16,99,90752628
149.792,16,99,90852686
150.021,16,99,90952746
150.978,16,99,91052802
157.171,13,99,91152858
153.055,13,99,91252920
153.246,13,99,91352978
150.137,13,99,91453039
150.656,13,99,91553095
158.172,15,99,91653153
157.062,15,99,91753219
156.942,15,99,91853277
156.701,15,99,91953336
157.76,15,99,92053393
137.432,18,99,92153451
131.116,18,99,92253513
131.809,18,99,92353569
131.842,18,99,92453629
132.209,18,99,92553690
123.426,15,99,92653747
125.805,15,99,92753803
125.769,15,99,92853861
125.892,15,99,92953920
125.81,15,99,93053978
130.039,15,99,93154034
126.444,15,99,93254092
125.939,15,99,93354150
126.279,15,99,93454209
125.378,15,99,93554268
123.939,16,99,93654325
115.239,16,99,93754386
117.141,16,99,93854442
120.357,16,99,93954501
121.076,16,99,94054560
121.528,15,91,94154619
124.409,15,91,94254679
125.414,15,91,94354737
126.643,15,91,94454796
127.139,15,91,94554860
127.636,15,99,94654919
129.634,15,99,94754981
130.12,15,99,94855036
130.517,15,99,94955091
130.603,15,99,95055148
130.744,15,99,95155205
131.073,15,99,95255231
130.995,15,99,95355288
130.645,15,99,95455345
130.702,15,99,95555403
130.607,15,99,95655463
130.666,15,99,95755521
131.005,15,99,95855581
131.464,15,99,95955643
131.614,15,99,96055702
131.512,15,99,96155759
130.49,16,99,96255817
130.337,16,99,96355878
130.428,16,99,96455936
130.42,16,99,96555992
130.401,16,99,96656050
129.887,15,99,96756100
129.857,15,99,96856156
130.185,15,99,96956215
130.05,15,99,97056276
130.201,15,99,97156338
130.63,15,99,97256396
131.393,15,99,97356459
131.678,15,99,97456520
131.639,15,99,97556581
131.882,15,99,97656638
134.183,15,99,97756695
134.483,15,99,97856755
134.675,15,99,97956814
134.824,15,99,98056878
134.833,15,99,98156938
135.916,15,99,98256998
135.896,15,99,98357060
135.79,15,99,98457119
135.603,15,99,98557176
135.358,15,99,98657238
135.969,14,99,98757296
136.042,14,99,98857358
136.392,14,99,98957414
136.767,14,99,99057476
137.089,14,99,99157535
137.659,15,99,99257598
138.358,15,99,99357655
138.255,15,99,99457716
138.504,15,99,99557774
138.387,15,99,99657835
133.887,15,99,99757892
133.179,15,99,99857951
133.845,15,99,99958013
135.136,15,99,100058079
135.923,15,99,100158143
138.687,15,94,100258208
138.43,15,94,100358271
138.415,15,94,100458332
138.198,15,94,100558395
138.032,15,94,100658454
138.449,14,99,100758515
136.927,14,99,100858571
136.841,14,99,100958633
136.442,14,99,101058691
136.426,14,99,101158751
135.633,15,94,101258811
136.427,15,94,101358868
136.561,15,94,101458928
134.758,15,94,101558988
135.232,15,94,101659048
133.97,15,99,101759107
134.232,15,99,101859164
134.099,15,99,101959224
133.632,15,99,102059281
133.318,15,99,102159338
129.66,14,99,102259395
131.733,14,99,102359456
132.092,14,99,102459512
132.598,14,99,102559570
132.16,14,99,102659627
129.813,14,99,102759684
130.151,14,99,102859742
131.328,14,99,102959799
133.425,14,99,103059856
135.786,14,99,103159913
141.768,15,88,103259970
141.38,15,88,103360028
141.231,15,88,103460085
140.51,15,88,103560141
140.351,15,88,103660198
139.087,15,99,103760255
139.328,15,99,103860312
139.465,15,99,103960369
138.353,15,99,104060426
137.065,15,99,104160485
133.547,14,99,104260548
133.105,14,99,104360603
133.32,14,99,104460662
133.539,14,99,104560719
133.862,14,99,104660774
135.52,14,99,104760831
135.947,14,99,104860886
136.102,14,99,104960943
136.289,14,99,105060998
136.442,14,99,105161055
137.306,14,99,105261111
137.179,14,99,105361169
137.11,14,99,105461225
137.487,14,99,105561282
137.6,14,99,105661341
137.514,14,99,105761399
137.458,14,99,105861457
137.989,14,99,105961519
138.253,14,99,106061579
138.382,14,99,106161639
138.617,14,99,106261699
139.927,14,99,106361759
139.491,14,99,106461815
139.691,14,99,106561876
139.396,14,99,106661935
139.155,14,99,106761993
136.187,14,99,106862053
134.823,14,99,106962109
134.298,14,99,107062169
133.792,14,99,107162225
133.836,14,99,107262284
134.845,14,99,107362342
134.843,14,99,107462398
135.063,14,99,107562456
135.666,14,99,107662515
136.184,14,99,107762575
138.637,14,99,107862634
139.094,14,99,107962689
140.035,14,99,108062749
140.233,14,99,108162782
140.458,14,99,108262841
143.255,15,99,108362896
143.046,15,99,108462954
143.302,15,99,108563010
143.824,15,99,108663067
144.277,15,99,108763125
147.348,15,99,108863183
146.992,15,99,108963240
146.749,15,99,109063295
146.239,15,99,109163351
145.667,15,99,109263410
143.421,15,99,109363468
143.641,15,99,109463522
143.515,15,99,109563579
143.142,15,99,109663639
142.521,15,99,109763697
138.881,15,99,109863755
139.26,15,99,109963817
139.192,15,99,110063876
139.825,15,99,110163932
139.565,15,99,110263988
133.86,14,99,110364047
133.563,14,99,110464103
132.499,14,99,110564159
131.561,14,99,110664219
130.736,14,99,110764278
126.318,15,99,110864337
126.802,15,99,110964395
126.434,15,99,111064454
126.32,15,99,111164512
126.24,15,99,111264571
126.596,15,99,111364632
126.991,15,99,111464691
126.747,15,99,111564752
126.499,15,99,111664811
126.21,15,99,111764871
124.436,14,99,111864931
122.194,14,99,111964990
120.693,14,99,112065050
118.4,14,99,112165109
117.45,14,99,112265168
104.925,14,99,112365227
111.913,14,99,112465288
113.624,14,99,112565348
114.12,14,99,112665407
114.791,14,99,112765466
113.015,14,80,112865526
114.994,14,80,112965588
111.547,14,80,113065646
116.81,14,80,113165705
119.531,14,80,113265767
132.1,13,79,113365827
133.736,13,79,113465886
134.911,13,79,113565946
135.507,13,79,113666007
135.864,13,79,113766070
134.463,13,99,113866135
134.268,13,99,113966194
133.062,13,99,114066250
132.227,13,99,114166309
131.967,13,99,114266366
132.603,13,99,114366423
132.484,13,99,114466481
133.559,13,99,114566538
135.087,13,99,114666596
136.435,13,99,114766655
142.776,12,99,114866713
140.816,12,99,114966772
141.193,12,99,115066831
135.806,12,99,115166887
130.3,12,99,115266944
118.526,12,99,115367000
115.656,12,99,115467056
115.938,12,99,115567112
116.052,12,99,115667167
116.043,12,99,115767224
116.198,13,99,115867284
118.12,13,99,115967343
117.554,13,99,116067404
117.591,13,99,116167467
117.614,13,99,116267526
117.187,12,99,116367586
115.009,12,99,116467645
115.243,12,99,116567703
115.6,12,99,116667773
115.727,12,99,116767833
116.031,12,99,116867891
117.296,12,99,116967946
116.817,12,99,117068002
116.483,12,99,117168061
116.222,12,99,117268119
115.801,12,99,117368178
113.611,12,99,117468238
114.747,12,99,117568297
115.401,12,99,117668357
115.949,12,99,117768416
116.769,12,99,117868473
157.192,12,99,117968531
156.724,12,99,118068588
156.581,12,99,118168644
156.528,12,99,118268699
156.816,12,99,118368757
159.728,13,99,118468814
159.945,13,99,118568870
159.015,13,99,118668926
158.908,13,99,118768982
155.459,13,99,118869038
121.757,14,99,118969097
121.246,14,99,119069156
120.612,14,99,119169215
119.954,14,99,119269274
119.96,14,99,119369332
121.35,12,99,119469390
122.348,12,99,119569429
122.864,12,99,119669488
123.605,12,99,119769544
124.006,12,99,119869600
126.762,13,99,119969655
127.079,13,99,120069711
127.612,13,99,120169768
127.727,13,99,120269823
127.964,13,99,120369884
128.798,13,99,120469942
128.295,13,99,120569998
127.825,13,99,120670056
127.164,13,99,120770114
126.45,13,99,120870173
124.426,12,99,120970231
125.273,12,99,121070286
125.203,12,99,121170344
125.669,12,99,121270403
125.755,12,99,121370464
125.192,13,99,121470523
126.068,13,99,121570583
126.74,13,99,121670644
127.458,13,99,121770706
127.847,13,99,121870766
131.201,13,99,121970823
132.009,13,99,122070882
132.231,13,99,122170938
132.128,13,99,122270997
132.262,13,99,122371054
126.756,13,99,122471113
126.83,13,99,122571171
127.617,13,99,122671232
128.062,13,99,122771291
128.311,13,99,122871349
134.634,12,99,122971410
145.728,12,99,123071469
148.197,12,99,123171523
148.49,12,99,123271579
149.255,12,99,123371636
153.834,12,99,123471696
154.462,12,99,123571754
154.577,12,99,123671816
154.07,12,99,123771876
153.09,12,99,123871936
144.892,14,99,123971999
149.242,14,99,124072056
147.784,14,99,124172117
145.812,14,99,124272173
144.41,14,99,124372236
138.789,14,99,124472292
140.733,14,99,124572352
142.642,14,99,124672411
143.876,14,99,124772469
138.011,14,99,124872529
132.726,15,99,124972585
131.872,15,99,125072640
132.146,15,99,125172698
132.035,15,99,125272757
131.845,15,99,125372814
132.418,13,99,125472874
121.37,13,99,125572937
116.765,13,99,125672998
114.54,13,99,125773058
113.445,13,99,125873116
109.191,13,99,125973174
108.556,13,99,126073231
108.399,13,99,126173288
108.306,13,99,126273348
108.398,13,99,126373404
107.948,12,99,126473466
110.234,12,99,126573522
104.821,12,99,126673582
102.038,12,99,126773642
104.092,12,99,126873703
111.838,15,99,126973762
112.77,15,99,127073822
112.995,15,99,127173883
113.97,15,99,127273946
114.728,15,99,127374002
116.248,14,66,127474058
117.023,14,66,127574115
115.229,14,66,127674175
114.657,14,66,127774239
114.277,14,66,127874298
111.678,14,85,127974357
112.529,14,85,128074414
112.253,14,85,128174476
112.351,14,85,128274532
112.432,14,85,128374597
110.503,14,86,128474655
112.832,14,86,128574713
113.322,14,86,128674787
113.511,14,86,128774843
113.283,14,86,128874902
119.894,14,86,128974965
120.207,14,86,129075023
120.34,14,86,129175079
120.246,14,86,129275136
119.902,14,86,129375198
117.502,13,99,129475258
120.098,13,99,129575319
119.614,13,99,129675375
118.695,13,99,129775435
118.199,13,99,129875492
113.353,14,87,129975551
111.359,14,87,130075606
117.181,14,87,130175660
127.829,14,87,130275717
131.803,14,87,130375773
142.735,16,75,130475834
142.903,16,75,130575893
143.794,16,75,130675950
144.053,16,75,130776007
143.959,16,75,130876067
145.398,16,99,130976096
145.232,16,99,131076153
145.182,16,99,131176211
145.308,16,99,131276272
145.396,16,99,131376345
142.816,16,99,131476402
143.676,16,99,131576457
144.589,16,99,131676513
145.254,16,99,131776571
146.105,16,99,131876627
136.696,17,99,131976687
147.568,17,99,132076744
147.882,17,99,132176803
147.153,17,99,132276859
146.405,17,99,132376917
144.03,15,99,132476976
143.2,15,99,132577035
143.511,15,99,132677092
144.141,15,99,132777152
144.62,15,99,132877210
144.404,15,99,132977271
144.316,15,99,133077327
144.443,15,99,133177390
148.598,15,99,133277450
154.381,15,99,133377507
168.209,15,99,133477565
170.707,15,99,133577622
172.155,15,99,133677684
173.677,15,99,133777741
173.901,15,99,133877801
172.786,16,99,133977859
171.441,16,99,134077916
170.578,16,99,134177974
170.079,16,99,134278033
169.308,16,99,134378091
171.292,15,99,134478149
161.101,15,99,134578208
160.497,15,99,134678266
159.94,15,99,134778325
159.342,15,99,134878386
158.424,15,99,134978447
156.972,15,99,135078505
158.195,15,99,135178563
159.776,15,99,135278624
160.442,15,99,135378686
160.876,15,99,135478743
160.452,15,99,135578804
160.782,15,99,135678861
161.833,15,99,135778922
162.219,15,99,135878980
162.474,15,99,135979039
163.281,14,99,136079098
163.546,14,99,136179157
163.296,14,99,136279215
163.598,14,99,136379276
163.969,14,99,136479335
163.13,15,99,136579394
162.557,15,99,136679427
162.1,15,99,136779485
162.392,15,99,136879542
162.723,15,99,136979600
164.848,15,99,137079658
165.201,15,99,137179717
164.785,15,99,137279775
165.863,15,99,137379832
166.41,15,99,137479890
167.516,15,99,137579949
166.825,15,99,137680006
166.342,15,99,137780064
167.022,15,99,137880123
167.503,15,99,137980183
167.11,15,99,138080242
168.496,15,99,138180300
168.952,15,99,138280363
168.72,15,99,138380420
168.585,15,99,138480481
168.73,15,99,138580539
169.337,15,99,138680597
170.531,15,99,138780654
171.599,15,99,138880714
172.742,15,99,138980773
179.967,15,99,139080834
182.14,15,99,139180894
182.751,15,99,139280951
183.404,15,99,139381009
183.91,15,99,139481064
170.895,16,99,139581120
171.051,16,99,139681177
176.856,16,99,139781236
177.626,16,99,139881292
177.955,16,99,139981351
176.736,17,99,140081410
176.08,17,99,140181469
175.101,17,99,140281527
174.163,17,99,140381588
172.512,17,99,140481646
161.428,16,99,140581707
160.891,16,99,140681766
161.559,16,99,140781825
160.955,16,99,140881888
159.965,16,99,140981948
152.718,15,99,141082004
151.873,15,99,141182070
151.348,15,99,141282130
150.557,15,99,141382192
149.508,15,99,141482252
144.194,13,99,141582311
144.876,13,99,141682370
139.07,13,99,141782430
133.809,13,99,141882494
131.062,13,99,141982557
121.296,15,99,142082618
120.778,15,99,142182676
120.569,15,99,142282736
118.248,15,99,142382769
116.719,15,99,142482825
112.706,14,99,142582882
112.535,14,99,142682940
112.707,14,99,142782997
112.772,14,99,142883054
113.246,14,99,142983110
110.966,14,73,143083166
111.47,14,73,143183223
112.476,14,73,143283283
113.419,14,73,143383340
114.489,14,73,143483399
116.812,13,75,143583458
116.568,13,75,143683515
117.045,13,75,143783575
117.116,13,75,143883631
117.277,13,75,143983686
114.004,14,88,144083744
114.224,14,88,144183804
113.9,14,88,144283861
114.116,14,88,144383916
114.285,14,88,144483972
111.077,14,79,144584030
112.906,14,79,144684087
114.472,14,79,144784145
115.258,14,79,144884200
115.586,14,79,144984256
117.093,15,72,145084314
116.758,15,72,145184373
114.991,15,72,145284434
114.219,15,72,145384491
113.752,15,72,145484549
112.024,14,65,145584606
113.775,14,65,145684662
114.056,14,65,145784721
114.006,14,65,145884777
114.339,14,65,145984838
116.577,15,76,146084896
117.661,15,76,146184955
116.601,15,76,146285014
116.276,15,76,146385072
116.379,15,76,146485128
124.657,14,66,146585189
128.825,14,66,146685246
127.631,14,66,146785302
125.863,14,66,146885357
125.127,14,66,146985413
116.966,13,97,147085469
118.864,13,97,147185527
119.047,13,97,147285585
119.282,13,97,147385641
119.579,13,97,147485702
122.1,14,77,147585759
121.696,14,77,147685816
121.496,14,77,147785870
121.398,14,77,147885930
121.378,14,77,147985986
117.151,14,69,148086043
120.752,14,69,148186091
122.149,14,69,148286147
120.105,14,69,148386205
119.864,14,69,148486264
118.765,14,83,148586320
118.938,14,83,148686377
119.153,14,83,148786434
119.273,14,83,148886491
119.078,14,83,148986548
117.096,14,71,149086605
119.21,14,71,149186662
119.849,14,71,149286719
119.84,14,71,149386777
120.077,14,71,149486836
117.288,14,71,149586899
120.832,14,71,149686959
120.796,14,71,149787017
120.251,14,71,149887076
120.645,14,71,149987133
120.76,15,83,150087190
119.571,15,83,150187246
119.59,15,83,150287302
119.756,15,83,150387359
119.991,15,83,150487416
119.98,14,80,150587473
119.764,14,80,150687530
120.753,14,80,150787586
120.844,14,80,150887646
121.064,14,80,150987704
121.094,14,74,151087762
121.289,14,74,151187819
120.699,14,74,151287874
118.564,14,74,151387933
118.433,14,74,151487990
118.775,14,74,151588049
119.969,14,84,151688106
119.83,14,84,151788164
119.624,14,84,151888223
119.342,14,84,151988282
119.273,14,84,152088340
118.315,14,81,152188397
116.808,14,81,152288453
116.83,14,81,152388512
116.685,14,81,152488571
114.976,14,81,152588631
100.865,16,72,152688690
104.386,16,72,152788749
104.657,16,72,152888811
104.906,16,72,152988866
105.067,16,72,153088923
105.553,15,70,153188978
106.068,15,70,153289035
106.017,15,70,153389089
106.085,15,70,153489148
106.232,15,70,153589202
105.554,14,78,153689260
105.907,14,78,153789318
106.015,14,78,153889372
106.582,14,78,153989432
106.841,14,78,154089490
107.84,14,99,154189548
106.399,14,99,154289606
105.638,14,99,154389664
106.136,14,99,154489723
106.237,14,99,154589783
106.095,13,79,154689844
105.852,13,79,154789902
105.633,13,79,154889966
105.497,13,79,154990025
104.506,13,79,155090084
100.531,15,62,155190143
100.819,15,62,155290208
101.161,15,62,155390271
101.575,15,62,155490331
101.463,15,62,155590396
100.612,14,76,155690453
100.392,14,76,155790510
100.435,14,76,155890568
100.597,14,76,155990628
100.498,14,76,156090687
100,13,75,156190744
100.578,13,75,156290799
100.689,13,75,156390858
100.408,13,75,156490915
100.635,13,75,156590971
100.81,15,77,156691028
100.976,15,77,156791089
101.13,15,77,156891145
102.06,15,77,156991204
103.193,15,77,157091260
109.454,14,77,157191318
109.271,14,77,157291375
109.174,14,77,157391433
108.962,14,77,157491492
108.838,14,77,157591549
110.963,13,61,157691608
111.643,13,61,157791666
111.979,13,61,157891726
111.832,13,61,157991784
111.76,13,61,158091841
110.832,14,99,158191898
110.871,14,99,158291955
110.82,14,99,158392012
110.692,14,99,158492069
110.825,14,99,158592125
108.35,14,71,158692182
107.839,14,71,158792240
107.034,14,71,158892298
106.196,14,71,158992355
105.62,14,71,159092415
107.817,14,68,159192473
107.955,14,68,159292537
108.106,14,68,159392603
108.144,14,68,159492663
108.048,14,68,159592722
106.735,14,59,159692762
107.537,14,59,159792820
107.815,14,59,159892882
107.737,14,59,159992939
107.288,14,59,160092998
105.175,14,77,160193054
105.637,14,77,160293111
105.716,14,77,160393168
105.865,14,77,160493225
105.882,14,77,160593282
103.708,14,76,160693338
105.49,14,76,160793396
105.347,14,76,160893454
104.816,14,76,160993510
104.632,14,76,161093565
102.838,14,72,161193621
104.642,14,72,161293680
104.545,14,72,161393737
104.606,14,72,161493793
103.82,14,72,161593852
108.225,14,75,161693909
110.381,14,75,161793970
111.024,14,75,161894031
111.513,14,75,161994094
112.002,14,75,162094152
111.136,12,61,162194212
113.078,12,61,162294272
116.746,12,61,162394330
119.182,12,61,162494386
123.076,12,61,162594443
126.339,14,61,162694502
136.866,14,61,162794557
138.845,14,61,162894615
139.963,14,61,162994672
138.222,14,61,163094728
136.43,14,61,163194784
132.986,14,87,163294840
132.108,14,87,163394896
132.714,14,87,163494953
132.661,14,87,163595010
132.227,14,87,163695067
118.5,12,84,163795122
119.297,12,84,163895179
121.278,12,84,163995238
122.41,12,84,164095296
123.497,12,84,164195355
131.165,14,90,164295410
131.623,14,90,164395477
131.73,14,90,164495534
131.899,14,90,164595594
131.549,14,90,164695654
130.825,14,99,164795712
130.881,14,99,164895771
131.873,14,99,164995827
132.104,14,99,165095881
131.66,14,99,165195937
130.428,13,89,165295997
129.071,13,89,165396055
129.046,13,89,165496116
129.435,13,89,165596175
129.954,13,89,165696231
131.112,14,99,165796290
129.921,14,99,165896351
129.552,14,99,165996408
129.494,14,99,166096465
127.573,14,99,166196521
110.923,14,99,166296576
115.673,14,99,166396632
118.107,14,99,166496689
119.501,14,99,166596745
120.617,14,99,166696805
123.07,14,78,166796862
123.478,14,78,166896922
123.823,14,78,166996980
123.821,14,78,167097039
124.968,14,78,167197100
128.291,13,75,167297161
129.51,13,75,167397224
129.467,13,75,167497282
129.061,13,75,167597344
128.336,13,75,167697404
121.545,14,74,167797465
121.548,14,74,167897522
122,14,74,167997583
123.28,14,74,168097641
122.634,14,74,168197701
108.733,15,71,168297762
104.252,15,71,168397821
102.656,15,71,168497880
102.877,15,71,168597939
102.387,15,71,168697996
99.2182,17,76,168798061
100.808,17,76,168898120
103.359,17,76,168998180
104.569,17,76,169098240
105.568,17,76,169198302
108.415,14,59,169298362
108.905,14,59,169398419
109.099,14,59,169498480
109.296,14,59,169598537
109.342,14,59,169698596
108.913,15,57,169798655
107.221,15,57,169898714
111.728,15,57,169998774
123.481,15,57,170098833
128.185,15,57,170198893
127.817,15,71,170298951
116.375,15,71,170399014
117.803,15,71,170499076
124.262,15,71,170599137
127.342,15,71,170699195
137.766,15,99,170799257
137.067,15,99,170899316
137.51,15,99,170999380
133.175,15,99,171099433
130.091,15,99,171199495
117.06,15,99,171299553
111.118,15,99,171399617
121.04,15,99,171499675
122.168,15,99,171599731
122.426,15,99,171699788
111.119,14,72,171799845
132.95,14,72,171899903
134.591,14,72,171999958
129.468,14,72,172100015
130.446,14,72,172200072
123.286,15,99,172300129
112.516,15,99,172400187
118.791,15,99,172500244
122.634,15,99,172600301
123.74,15,99,172700358
115.915,14,65,172800418
120.495,14,65,172900477
121.034,14,65,173000535
121.058,14,65,173100594
122.018,14,65,173200655
122.304,13,76,173300712
122.662,13,76,173400771
123.835,13,76,173500833
126.114,13,76,173600893
126.24,13,76,173700955
120.715,15,69,173801016
118.743,15,69,173901077
118.752,15,69,174001137
118.483,15,69,174101198
116.97,15,69,174201257
113.144,15,82,174301317
111.116,15,82,174401378
110.118,15,82,174501437
110.206,15,82,174601500
110.356,15,82,174701557
111.074,15,86,174801617
110.614,15,86,174901677
110.529,15,86,175001737
110.727,15,86,175101795
110.502,15,86,175201856
104.351,15,97,175301916
108.89,15,97,175401976
109.663,15,97,175502033
109.566,15,97,175602090
109.489,15,97,175702148
102.722,14,70,175802207
108.851,14,70,175902267
109.264,14,70,176002326
109.298,14,70,176102384
109.233,14,70,176202442
106.202,14,79,176302499
108.017,14,79,176402557
107.457,14,79,176502616
107.224,14,79,176602680
107.255,14,79,176702738
104.232,15,69,176802773
105.97,15,69,176902832
106.343,15,69,177002888
106.45,15,69,177102947
106.101,15,69,177203006
105.985,15,75,177303070
104.362,15,75,177403130
104.385,15,75,177503189
104.47,15,75,177603246
104.795,15,75,177703307
105.135,15,75,177803368
105.171,15,80,177903426
105.116,15,80,178003486
106.496,15,80,178103548
106.682,15,80,178203605
105.669,15,80,178303665
100.123,15,68,178403730
101.046,15,68,178503791
101.404,15,68,178603849
101.729,15,68,178703907
101.717,15,68,178803964
101.308,14,62,178904025
103.098,14,62,179004081
103.498,14,62,179104138
103.578,14,62,179204195
103.513,14,62,179304256
103.636,15,76,179404316
106.585,15,76,179504376
107.462,15,76,179604436
107.139,15,76,179704495
107.222,15,76,179804552
107.135,15,69,179904611
107.019,15,69,180004671
107.737,15,69,180104729
108.439,15,69,180204785
108.866,15,69,180304845
110.473,14,62,180404904
110.51,14,62,180504961
110.489,14,62,180605018
110.279,14,62,180705075
110.349,14,62,180805131
111.595,14,65,180905191
112.256,14,65,181005258
112.811,14,65,181105321
113.255,14,65,181205380
113.452,14,65,181305444
110.169,15,62,181405501
105.853,15,62,181505559
106.147,15,62,181605618
105.471,15,62,181705678
105.593,15,62,181805737
104.006,14,63,181905798
104.364,14,63,182005860
104.6,14,63,182105923
104.644,14,63,182205985
104.737,14,63,182306047
105.964,14,77,182406093
105.454,14,77,182506150
105.306,14,77,182606208
105.205,14,77,182706267
105.069,14,77,182806326
104.884,15,63,182906385
104.419,15,63,183006443
104.439,15,63,183106502
104.699,15,63,183206560
105.03,15,63,183306620
101.514,14,75,183406678
106.807,14,75,183506738
108.148,14,75,183606800
109.246,14,75,183706857
109.256,14,75,183806913
105.63,14,56,183906971
105.694,14,56,184007027
105.661,14,56,184107088
105.643,14,56,184207146
105.741,14,56,184307205
105.257,15,66,184407267
106.624,15,66,184507327
106.19,15,66,184607388
106.23,15,66,184707446
106.495,15,66,184807505
107.236,15,59,184907564
106.924,15,59,185007626
106.826,15,59,185107685
106.82,15,59,185207744
106.823,15,59,185307802
105.488,14,63,185407860
106.876,14,63,185507917
107.103,14,63,185607977
107.463,14,63,185708036
107.807,14,63,185808094
105.686,15,78,185908154
105.725,15,78,186008214
104.214,15,78,186108271
103.907,15,78,186208329
105.237,15,78,186308391
105.352,14,97,186408448
105.794,14,97,186508506
106.809,14,97,186608566
106.704,14,97,186708626
106.68,14,97,186808686
106.701,14,66,186908747
107.43,14,66,187008806
107.46,14,66,187108864
107.989,14,66,187208923
107.866,14,66,187308983
106.244,14,82,187409041
107.271,14,82,187509102
108.053,14,82,187609162
108.102,14,82,187709221
108.044,14,82,187809280
107.939,14,60,187909340
106.927,14,60,188009399
107.276,14,60,188109422
107.136,14,60,188209482
107.344,14,60,188309540
108.231,14,61,188409598
108.035,14,61,188509655
108.473,14,61,188609714
108.824,14,61,188709773
108.775,14,61,188809832
108.401,15,80,188909889
111.727,15,80,189009947
117.519,15,80,189110006
120.6,15,80,189210064
122.098,15,80,189310122
121.021,14,76,189410181
124.477,14,76,189510240
125.865,14,76,189610300
126.201,14,76,189710359
126.356,14,76,189810417
126.417,16,89,189910479
126.486,16,89,190010541
127.039,16,89,190110599
127.013,16,89,190210658
127.067,16,89,190310724
126.962,15,83,190410783
125.751,15,83,190510844
125.051,15,83,190610903
122.366,15,83,190710965
120.25,15,83,190811022
121.111,15,83,190911078
136.258,15,85,191011133
137.167,15,85,191111190
137.912,15,85,191211247
141.335,15,85,191311303
142.849,15,85,191411362
150.329,15,93,191511420
148.355,15,93,191611482
147.478,15,93,191711546
147.144,15,93,191811608
146.881,15,93,191911669
145.211,16,99,192011730
145.795,16,99,192111787
146.162,16,99,192211842
147.027,16,99,192311900
147.364,16,99,192411956
151.01,16,99,192512015
149.717,16,99,192612071
148.062,16,99,192712129
146.966,16,99,192812188
146.499,16,99,192912246
143.642,16,99,193012303
144.466,16,99,193112361
144.445,16,99,193212417
145.749,16,99,193312474
145.435,16,99,193412531
145.819,14,99,193512587
146.513,14,99,193612644
146.369,14,99,193712702
146.608,14,99,193812753
146.643,14,99,193912810
147.094,15,99,194012867
147.215,15,99,194112925
147.526,15,99,194212983
146.987,15,99,194313041
146.429,15,99,194413098
142.888,16,99,194513157
143.311,16,99,194613212
142.717,16,99,194713269
140.134,16,99,194813328
145.4,16,99,194913386
179.686,16,99,195013442
178.426,16,99,195113498
172.22,16,99,195213555
165.59,16,99,195313613
161.281,16,99,195413670
146.087,16,93,195513727
146.878,16,93,195613788
147.289,16,93,195713844
147.209,16,93,195813901
146.997,16,93,195913959
142.641,16,99,196014024
141.804,16,99,196114082
141.843,16,99,196214139
141.482,16,99,196314196
139.215,16,99,196414252
128.161,15,99,196514318
129.25,15,99,196614377
129.698,15,99,196714437
129.319,15,99,196814497
130.444,15,99,196914555
137.841,15,88,197014619
138.033,15,88,197114681
137.1,15,88,197214740
136.102,15,88,197314800
135.073,15,88,197414859
130.862,15,99,197514917
131.169,15,99,197614977
131.103,15,99,197715034
131.25,15,99,197815092
131.414,15,99,197915149
132.436,16,99,198015206
132.079,16,99,198115265
132.077,16,99,198215322
132.147,16,99,198315380
132.156,16,99,198415439
131.437,15,99,198515497
132.095,15,99,198615554
132.191,15,99,198715611
132.481,15,99,198815669
132.653,15,99,198915728
133.431,15,99,199015786
133.676,15,99,199115843
133.709,15,99,199215901
133.917,15,99,199315958
133.959,15,99,199416016
135.584,14,99,199516076
134.603,14,99,199616143
134.451,14,99,199716201
134.199,14,99,199816258
134.016,14,99,199916316
133.449,15,99,200016374
133.785,15,99,200116435
133.846,15,99,200216494
