os,cpu,gpu,ram,kernel,driver
Arch Linux,AMD Ryzen 7 3700X 8-Core Processor,Radeon RX 5600 OEM/5600 XT / 5700/5700 XT,16406292,5.8.1-arch1-1,4.6 Mesa 20.2.0-devel
467.397,11,82,45
367.363,11,82,100102
299.478,11,82,200159
65.9805,7,79,300215
66.0022,7,79,400270
66.0022,7,79,500325
65.9993,7,79,600380
66.0018,7,79,700437
65.9979,2,0,800494
66.004,2,0,900551
65.9971,2,0,1000607
65.9981,2,0,1100663
66.0024,2,0,1200718
66.048,6,20,1300775
66.0129,6,20,1400829
66.0082,6,20,1500885
66.006,6,20,1600939
66.0055,6,20,1700996
65.9892,3,85,1801050
65.9924,3,85,1901105
66.0025,3,85,2001161
103.583,3,85,2101217
184.516,3,85,2201272
453.875,7,0,2301329
465.366,7,0,2401384
469.706,7,0,2501440
483.099,7,0,2601496
497.669,7,0,2701518
470.164,11,56,2801573
468.087,11,56,2901629
471.146,11,56,3001686
473.908,11,56,3101741
474.575,11,56,3201796
465.044,10,77,3301852
481.197,10,77,3401908
480.893,10,77,3501963
480.834,10,77,3602020
482.006,10,77,3702076
490.787,11,67,3802132
502.708,11,67,3902188
502.558,11,67,4002244
500.414,11,67,4102300
501.721,11,67,4202355
513.743,10,76,4302410
514.525,10,76,4402466
509.008,10,76,4502521
508.144,10,76,4602577
509.296,10,76,4702632
489.803,10,72,4802688
481.263,10,72,4902744
483.044,10,72,5002799
483.298,10,72,5102856
481.706,10,72,5202910
467.202,10,85,5302966
464.179,10,85,5403023
466.915,10,85,5503079
470.597,10,85,5603135
472.452,10,85,5703191
491.521,11,81,5803245
483.184,11,81,5903301
483.497,11,81,6003357
478.867,11,81,6103414
450.004,11,81,6203469
469.116,11,81,6303526
469.369,11,81,6403583
469.287,11,81,6503641
469.841,11,81,6603698
469.514,11,81,6703755
487.377,10,75,6803810
472.688,10,75,6903865
463.632,10,75,7003921
461.557,10,75,7103976
460.435,10,75,7204032
446.539,11,65,7304087
450.405,11,65,7404142
453.054,11,65,7504199
454.322,11,65,7604254
454.96,11,65,7704310
437.661,10,76,7804366
445.704,10,76,7904422
445.492,10,76,8004479
446.07,10,76,8104535
446.846,10,76,8204591
451.314,11,78,8304648
446.877,11,78,8404704
444.412,11,78,8504761
442.46,11,78,8604816
444.79,11,78,8704849
465.739,10,79,8804903
458.829,10,79,8904959
456.758,10,79,9005014
460.112,10,79,9105070
459.117,10,79,9205125
455.477,11,69,9305180
459.113,11,69,9405234
459.669,11,69,9505289
460.773,11,69,9605345
459.363,11,69,9705400
480.163,11,71,9805455
461.803,11,71,9905509
457.588,11,71,10005564
455.995,11,71,10105620
453.895,11,71,10205675
447.313,11,81,10305731
459.698,11,81,10405786
455.761,11,81,10505843
457.419,11,81,10605900
460.966,11,81,10705955
498.15,13,74,10806011
509.568,13,74,10906066
512.36,13,74,11006121
513.462,13,74,11106177
513.544,13,74,11206232
529.301,11,62,11306287
500.348,11,62,11406344
486.334,11,62,11506401
484.661,11,62,11606457
479.77,11,62,11706513
458.421,12,64,11806570
459.986,12,64,11906626
450.791,12,64,12006681
433.195,12,64,12106737
423.777,12,64,12206795
375.94,10,76,12306849
384.556,10,76,12406906
381.212,10,76,12506962
381.109,10,76,12607018
380.674,10,76,12707074
368.958,13,74,12807131
372.87,13,74,12907188
369.641,13,74,13007244
367.96,13,74,13107300
368.85,13,74,13207356
391.185,14,62,13307410
388.991,14,62,13407467
386.522,14,62,13507521
388.452,14,62,13607577
393.853,14,62,13707634
411.1,14,77,13807691
391.378,14,77,13907747
397.798,14,77,14007801
401.254,14,77,14107857
408.798,14,77,14207912
432.059,13,77,14307967
424.166,13,77,14408023
418.973,13,77,14508079
412.347,13,77,14608135
409.066,13,77,14708186
364.83,12,88,14808242
398.767,12,88,14908297
396.356,12,88,15008352
396.105,12,88,15108408
395.795,12,88,15208464
387.147,13,79,15310102
390.834,13,79,15410157
393.001,13,79,15510213
389.972,13,79,15610268
394.823,13,79,15710324
322.165,12,61,15810378
400.661,12,61,15910433
400.34,12,61,16010489
395.185,12,61,16110546
393.342,12,61,16210603
369.549,14,79,16310733
384.79,14,79,16410789
382.18,14,79,16510846
383.419,14,79,16610902
383.2,14,79,16710957
382.352,12,98,16811012
389.673,12,98,16911067
394.023,12,98,17011123
415.314,12,98,17111178
420.801,12,98,17211234
422.837,12,98,17311291
421.627,12,74,17411347
421.541,12,74,17511402
422.435,12,74,17611459
419.176,12,74,17711520
417.155,12,74,17811576
419.189,12,72,17911632
425.424,12,72,18011687
430.87,12,72,18111742
432.022,12,72,18211797
432.178,12,72,18311854
433.916,12,68,18411910
434.663,12,68,18511967
437.87,12,68,18612022
435.055,12,68,18712078
432.886,12,68,18812134
411.892,11,74,18912190
407.548,11,74,19012246
411.639,11,74,19112301
409.381,11,74,19212356
410.473,11,74,19312413
407.393,12,69,19412469
403.157,12,69,19512525
403.554,12,69,19612584
402.965,12,69,19712641
401.107,12,69,19812698
393.839,12,80,19912755
402.008,12,80,20012810
405.93,12,80,20112867
405.53,12,80,20212922
406.309,12,80,20312978
403.996,11,76,20413034
403.072,11,76,20513089
403.394,11,76,20613145
402.444,11,76,20713201
406.275,11,76,20813256
427.057,12,54,20913312
438.402,12,54,21013368
441.428,12,54,21113423
444.273,12,54,21213480
444.68,12,54,21313534
446.597,11,79,21413592
449.317,11,79,21513647
445.759,11,79,21613702
442.003,11,79,21713758
436.454,11,79,21813814
412.409,10,68,21913869
411.49,10,68,22013924
410.343,10,68,22113980
410.706,10,68,22214037
411.634,10,68,22314094
412.376,11,82,22414150
414.301,11,82,22514207
419.377,11,82,22614263
425.646,11,82,22714318
430.516,11,82,22814373
444.606,11,71,22914430
450.511,11,71,23014486
447.573,11,71,23114542
439.446,11,71,23214597
432.728,11,71,23314654
422.03,14,69,23414711
418.54,14,69,23514768
421.446,14,69,23614823
423.186,14,69,23714848
424.05,14,69,23814904
433.89,10,76,23914958
429.773,10,76,24015014
430.705,10,76,24115068
433.941,10,76,24215124
434.009,10,76,24315179
426.03,12,70,24415234
432.945,12,70,24515290
435.921,12,70,24615345
434.232,12,70,24715401
433.198,12,70,24815456
435.577,11,82,24915511
433.05,11,82,25015567
433.437,11,82,25115624
433.922,11,82,25215680
443.525,11,82,25315736
471.282,10,65,25415791
488.051,10,65,25515847
494.992,10,65,25615901
502.057,10,65,25715959
507.07,10,65,25816014
503.797,11,82,25916069
504.412,11,82,26016125
507.306,11,82,26116180
510.509,11,82,26216234
507.619,11,82,26316291
530.609,11,67,26416346
525.873,11,67,26516401
514.466,11,67,26616457
510.623,11,67,26716515
506.43,11,67,26816572
494.817,11,60,26916629
494.725,11,60,27016684
497.498,11,60,27116740
497.116,11,60,27216796
497.213,11,60,27316851
477.389,13,76,27416908
474.19,13,76,27516964
475.097,13,76,27617020
475.369,13,76,27717075
479.061,13,76,27817132
494.405,13,68,27917189
492.39,13,68,28017245
494.155,13,68,28117301
496.222,13,68,28217357
496.468,13,68,28317414
516.943,12,71,28417469
513.069,12,71,28517526
511.188,12,71,28617583
510.83,12,71,28717640
509.825,12,71,28817696
512.922,10,67,28917752
517.749,10,67,29017808
525.6,10,67,29117865
527.857,10,67,29217920
529.563,10,67,29317977
540.983,10,73,29418032
538.695,10,73,29518089
538.815,10,73,29618144
536.951,10,73,29718185
538.722,10,73,29818241
535.475,10,82,29918297
534.985,10,82,30018352
529.419,10,82,30118406
519.35,10,82,30218462
519.366,10,82,30318516
523.111,12,68,30418571
528.839,12,68,30518626
530.021,12,68,30618683
531.587,12,68,30718739
535.452,12,68,30818796
546.324,11,76,30918851
563.652,11,76,31018907
572.882,11,76,31118963
579.475,11,76,31219018
582.163,11,76,31319073
576.508,11,72,31419128
566.708,11,72,31519183
563.505,11,72,31619237
567.371,11,72,31719294
561.205,11,72,31819350
467.36,10,63,31919407
482.31,10,63,32019462
495.855,10,63,32119517
508.678,10,63,32219573
512.188,10,63,32319627
515.968,12,72,32419682
518.678,12,72,32519737
518.016,12,72,32619792
518.614,12,72,32719848
519.312,12,72,32819904
546.568,10,96,32919962
556.706,10,96,33020017
554.023,10,96,33120074
550.983,10,96,33220130
542.626,10,96,33320187
493.932,10,75,33420243
494.216,10,75,33520300
493.44,10,75,33620355
492.964,10,75,33720410
494.394,10,75,33820464
491.58,10,74,33920519
492.063,10,74,34020574
493.345,10,74,34120628
489.205,10,74,34220684
485.731,10,74,34320739
476.087,11,81,34420796
485.295,11,81,34520851
485.05,11,81,34620906
486.664,11,81,34720963
487.693,11,81,34821020
489.075,11,75,34921076
487.347,11,75,35021130
491.54,11,75,35121187
493.173,11,75,35221243
501.324,11,75,35321299
501.368,12,67,35421356
506.938,12,67,35521410
511.59,12,67,35621465
519.652,12,67,35721517
524.966,12,67,35821571
540.857,11,83,35921626
551.333,11,83,36021682
561.925,11,83,36121737
565.389,11,83,36221792
570.145,11,83,36321848
580.357,11,68,36421904
586.646,11,68,36521958
587.217,11,68,36622014
584.811,11,68,36722070
575.576,11,68,36822126
532.83,11,78,36922183
530.466,11,78,37022240
533.033,11,78,37122295
534.81,11,78,37222352
534.812,11,78,37322408
519.234,12,84,37422462
517.051,12,84,37522518
506.384,12,84,37622574
499.296,12,84,37722631
494.808,12,84,37822686
468.419,11,77,37922742
470.668,11,77,38022798
477.842,11,77,38122854
479.912,11,77,38222909
487.369,11,77,38322965
510.496,11,64,38423020
502.583,11,64,38523075
495.392,11,64,38623130
492.242,11,64,38723187
491.066,11,64,38823242
489.592,12,76,38923299
484.311,12,76,39023355
480.666,12,76,39123411
477.836,12,76,39223466
476.265,12,76,39323522
321.234,11,77,39423578
454.925,11,77,39523634
467.811,11,77,39623688
468.977,11,77,39723743
466.746,11,77,39823798
464.468,13,0,39923854
473.279,13,0,40023910
478.689,13,0,40123965
482.206,13,0,40224020
487.303,13,0,40324077
492.732,11,76,40424188
508.935,11,76,40524244
498.015,11,76,40624299
492.939,11,76,40724354
489.12,11,76,40824410
460.936,13,68,40924471
472.572,13,68,41024527
482.994,13,68,41124584
489.584,13,68,41224639
493.771,13,68,41324697
484.496,12,75,41424850
500.417,12,75,41524906
500.305,12,75,41624961
498.496,12,75,41725015
495.486,12,75,41825071
469.263,13,81,41925400
494.54,13,81,42025457
502.563,13,81,42125512
502.953,13,81,42225568
508.91,13,81,42325624
474.608,13,77,42425930
495.324,13,77,42525986
499.316,13,77,42626042
499.934,13,77,42726096
496.916,13,77,42826152
478.24,12,78,42926317
474.308,12,78,43026374
461.885,12,78,43126429
457.613,12,78,43226485
456.319,12,78,43326541
422.833,13,78,43426952
452.832,13,78,43527006
467.946,13,78,43627062
461.967,13,78,43727119
469.198,13,78,43827176
482.393,13,85,43927360
517.861,13,85,44027417
508.15,13,85,44127473
487.036,13,85,44227527
480.55,13,85,44327582
433.276,15,64,44427814
464.193,15,64,44527871
452.612,15,64,44627926
453.176,15,64,44727982
466.209,15,64,44828038
471.44,11,74,44928196
458.578,11,74,45028252
468.711,11,74,45128307
467.067,11,74,45228361
469.42,11,74,45328417
470.436,12,86,45428497
481.807,12,86,45528554
481.969,12,86,45628609
480.951,12,86,45728665
482.85,12,86,45828721
484.302,12,86,45928777
486.98,11,38,46028832
313.921,11,38,46128888
369.072,11,38,46228943
399.966,11,38,46329000
416.533,11,38,46429058
485.833,10,67,46529114
489.332,10,67,46629171
489.75,10,67,46729225
490.731,10,67,46829280
493.411,10,67,46929336
510.146,10,67,47029393
512.472,10,67,47129448
508.866,10,67,47229504
509.067,10,67,47329561
513.054,10,67,47429617
530.162,11,69,47529673
534.699,11,69,47629729
534.896,11,69,47729784
535.101,11,69,47829841
535.802,11,69,47929898
525.838,11,67,48029954
530.282,11,67,48130010
535.859,11,67,48230065
539.058,11,67,48330120
541.535,11,67,48430176
550.609,10,70,48530232
556.012,10,70,48630288
555.513,10,70,48730343
557.908,10,70,48830399
557.895,10,70,48930455
552.011,10,82,49030511
544.1,10,82,49130568
542.042,10,82,49230622
543.827,10,82,49330680
549.834,10,82,49430736
587.714,11,73,49530792
590.995,11,73,49630848
598.664,11,73,49730904
602.727,11,73,49830959
605.061,11,73,49931016
617.501,11,74,50031071
625.139,11,74,50131126
619.847,11,74,50231181
615.98,11,74,50331237
610.502,11,74,50431294
598.262,12,78,50531349
606.324,12,78,50631404
619.78,12,78,50731460
625.828,12,78,50831510
628.536,12,78,50931565
623.817,11,71,51031619
487.572,11,71,51131675
469.158,11,71,51231731
461.334,11,71,51331789
454.112,11,71,51431845
428.341,13,85,51531900
426.536,13,85,51631955
428.355,13,85,51732011
428.381,13,85,51832068
429.831,13,85,51932123
445.787,14,81,52032178
450.212,14,81,52132234
455.608,14,81,52232289
457.176,14,81,52332345
459.082,14,81,52432400
465.496,14,79,52532456
461.923,14,79,52632513
460.617,14,79,52732568
458.658,14,79,52832623
462.975,14,79,52932679
460.994,13,85,53032735
460.348,13,85,53132793
464.545,13,85,53232848
467.711,13,85,53332905
472.827,13,85,53432960
397.526,12,78,53533017
421.157,12,78,53633074
423.031,12,78,53733130
413.01,12,78,53833186
406.358,12,78,53933242
317.315,18,70,54033298
372.231,18,70,54133355
379.456,18,70,54233411
397.188,18,70,54333468
405.52,18,70,54433524
437.585,16,96,54533578
439.608,16,96,54633633
433.583,16,96,54733689
438.288,16,96,54833746
440.809,16,96,54933802
444.3,12,84,55033857
433.112,12,84,55133914
430.211,12,84,55233969
426.98,12,84,55334025
426.763,12,84,55434082
414.958,12,66,55534140
414.14,12,66,55634195
420.667,12,66,55734251
422.648,12,66,55834307
422.942,12,66,55934363
431.923,12,78,56034420
427.484,12,78,56134475
420.898,12,78,56234529
442.414,12,78,56334586
467.571,12,78,56434641
595.12,11,79,56534698
590.302,11,79,56634753
566.71,11,79,56734809
448.181,11,79,56834843
457.542,11,79,56934898
554.652,11,76,57034955
568.618,11,76,57135009
580.944,11,76,57235064
580.615,11,76,57335120
567.346,11,76,57435175
574.892,10,82,57535232
581.86,10,82,57635289
586.928,10,82,57735345
586.845,10,82,57835402
583.92,10,82,57935457
459.958,9,81,58035513
439.823,9,81,58135570
437.967,9,81,58235625
441.043,9,81,58335679
445.647,9,81,58435735
472.373,10,78,58535791
472.667,10,78,58635847
470.661,10,78,58735904
472.804,10,78,58835960
485.088,10,78,58936016
564.275,9,75,59036072
562.938,9,75,59136128
566.041,9,75,59236185
570.373,9,75,59336240
575.211,9,75,59436296
572.864,11,81,59536351
569.09,11,81,59636408
567.34,11,81,59736463
566.745,11,81,59836519
566.464,11,81,59936575
564.438,9,80,60036632
567.225,9,80,60136688
576.093,9,80,60236744
579.793,9,80,60336800
581.607,9,80,60436855
605.717,10,69,60536911
628.041,10,69,60636966
633.782,10,69,60737022
640.23,10,69,60837077
650.82,10,69,60937132
688.879,11,76,61037188
703.299,11,76,61137243
706.965,11,76,61237298
707.103,11,76,61337353
700.251,11,76,61437409
657.127,11,85,61537466
670.145,11,85,61637522
670.851,11,85,61737578
666.973,11,85,61837635
667.697,11,85,61937691
580.595,11,89,62037746
520.994,11,89,62137801
505.486,11,89,62237856
542.84,11,89,62337913
559.027,11,89,62437969
504.454,11,85,62538025
461.124,11,85,62638081
453.759,11,85,62738138
450.053,11,85,62838179
447.925,11,85,62938235
442.11,12,91,63038290
444.992,12,91,63138346
463.081,12,91,63238401
482.041,12,91,63338456
493.443,12,91,63438511
534.688,10,72,63538565
535.569,10,72,63638621
539.896,10,72,63738676
540.661,10,72,63838731
542.244,10,72,63938788
548.622,10,72,64038844
547.008,10,72,64138900
544.676,10,72,64238956
543.783,10,72,64339011
543.429,10,72,64439067
539.121,11,81,64539124
540.27,11,81,64639180
542.178,11,81,64739235
542.595,11,81,64839290
542.326,11,81,64939347
544.108,12,73,65039401
546.102,12,73,65139456
555.253,12,73,65239512
562.058,12,73,65339567
565.438,12,73,65439623
593.531,13,69,65539679
591.678,13,69,65639734
591.874,13,69,65739790
586.236,13,69,65839845
583.377,13,69,65939902
603.983,12,81,66039957
618.396,12,81,66140014
621.601,12,81,66240069
622.093,12,81,66340125
618.132,12,81,66440180
611.943,10,68,66540235
623.181,10,68,66640292
625.849,10,68,66740349
621.251,10,68,66840406
623.374,10,68,66940462
602.401,9,77,67040518
599.545,9,77,67140574
599.026,9,77,67240629
599.312,9,77,67340685
597.932,9,77,67440741
580.605,10,75,67540796
585.624,10,75,67640852
583.793,10,75,67740907
572.81,10,75,67840963
571.882,10,75,67941020
583.041,11,68,68041076
581.833,11,68,68141132
575.374,11,68,68241187
558.836,11,68,68341243
541.848,11,68,68441298
472.8,11,82,68541352
471.943,11,82,68641408
473.072,11,82,68741464
476.375,11,82,68841510
477.786,11,82,68941565
478.927,10,72,69041620
476.554,10,72,69141675
476.416,10,72,69241731
476.606,10,72,69341786
477.099,10,72,69441842
477.479,12,84,69541898
479.67,12,84,69641955
482.416,12,84,69742009
486.146,12,84,69842066
487.255,12,84,69942122
487.157,13,71,70042177
492.532,13,71,70142232
490.299,13,71,70242288
486.175,13,71,70342343
485.025,13,71,70442397
510.718,12,71,70542452
511.731,12,71,70642508
513.43,12,71,70742562
513.283,12,71,70842618
514.082,12,71,70942673
516.113,12,77,71042729
509.628,12,77,71142785
508.417,12,77,71242841
508.966,12,77,71342896
509.001,12,77,71442952
502.758,12,75,71543009
504.234,12,75,71643064
505.407,12,75,71743119
506.344,12,75,71843174
507.126,12,75,71943229
507.292,11,75,72043286
509.406,11,75,72143343
511.41,11,75,72243398
513.333,11,75,72343454
513.096,11,75,72443510
499.895,11,69,72543566
505.677,11,69,72643623
509.169,11,69,72743678
511.221,11,69,72843733
510.866,11,69,72943789
504.713,12,78,73043845
511.973,12,78,73143901
518.775,12,78,73243956
521.997,12,78,73344013
524.251,12,78,73444069
530.355,10,61,73544126
526.998,10,61,73644181
528.505,10,61,73744236
529.727,10,61,73844292
528.269,10,61,73944347
518.958,11,77,74044403
514.789,11,77,74144458
512.176,11,77,74244514
508.634,11,77,74344570
508.653,11,77,74444625
512.185,11,70,74544681
516.896,11,70,74644736
522.635,11,70,74744793
523.453,11,70,74844842
523.303,11,70,74944898
530.522,12,65,75044953
535.199,12,65,75145007
538.159,12,65,75245062
538.566,12,65,75345119
541.937,12,65,75445177
553.153,11,71,75545232
536.859,11,71,75645288
544.793,11,71,75745344
552.919,11,71,75845398
556.072,11,71,75945455
563.005,11,81,76045511
569.368,11,81,76145566
574.998,11,81,76245622
576.074,11,81,76345678
580.645,11,81,76445733
572.579,12,48,76545789
586.581,12,48,76645845
573.35,12,48,76745900
563.003,12,48,76845957
559.952,12,48,76946012
543.069,12,77,77046067
547.938,12,77,77146123
550.939,12,77,77246178
551.091,12,77,77346234
551.727,12,77,77446290
548.838,12,70,77546346
556.455,12,70,77646403
556.728,12,70,77746459
556.835,12,70,77846514
554.159,12,70,77946571
550.358,11,61,78046627
556.96,11,61,78146683
560.043,11,61,78246738
562.156,11,61,78346795
563.138,11,61,78446850
583.771,12,79,78546905
591.584,12,79,78646960
597.204,12,79,78747016
592.209,12,79,78847072
600.483,12,79,78947128
631.336,12,70,79047185
628.656,12,70,79147240
622.032,12,70,79247295
603.648,12,70,79347350
593.731,12,70,79447405
559.446,10,76,79547459
561.167,10,76,79647514
557.554,10,76,79747570
550.372,10,76,79847627
548.653,10,76,79947682
580.204,10,65,80047737
578.982,10,65,80147793
577.689,10,65,80247849
576.683,10,65,80347905
579.433,10,65,80447961
569.267,11,75,80548016
580.271,11,75,80648071
585.347,11,75,80748127
589.305,11,75,80848174
591.72,11,75,80948229
573.448,12,68,81048284
564.338,12,68,81148338
553.371,12,68,81248394
540.221,12,68,81348450
534.28,12,68,81448505
516.205,12,71,81548561
524.163,12,71,81648616
526.148,12,71,81748672
530.7,12,71,81848727
533.39,12,71,81948783
539.214,10,72,82048840
541.369,10,72,82148894
544.216,10,72,82248948
546.467,10,72,82349004
550.906,10,72,82449060
541.854,13,80,82549115
545.837,13,80,82649170
548.192,13,80,82749225
552.097,13,80,82849281
554.857,13,80,82949336
576.005,10,81,83049391
573.57,10,81,83149446
575.653,10,81,83249501
573.985,10,81,83349555
570.706,10,81,83449612
551.299,11,79,83549666
550.769,11,79,83649722
559.515,11,79,83749778
564.813,11,79,83849833
569.297,11,79,83949889
568.438,10,77,84049945
563.391,10,77,84150001
565.181,10,77,84250057
568.875,10,77,84350113
577.498,10,77,84450168
598.167,10,81,84550225
597.804,10,81,84650281
598.389,10,81,84750337
600.683,10,81,84850393
602.638,10,81,84950449
610.669,12,71,85050505
611.878,12,71,85150561
612.787,12,71,85250617
611.137,12,71,85350671
610.398,12,71,85450727
612.43,10,78,85550783
621.862,10,78,85650839
627.956,10,78,85750894
629.883,10,78,85850949
621.301,10,78,85951005
594.177,9,82,86051061
593.745,9,82,86151117
590.715,9,82,86251173
588.98,9,82,86351228
587.857,9,82,86451286
586.889,11,78,86551342
574.667,11,78,86651396
573.093,11,78,86751452
572.584,11,78,86851508
572.367,11,78,86951563
579.56,13,77,87051617
580.023,13,77,87151672
579.775,13,77,87251727
580.645,13,77,87351782
585.178,13,77,87451837
606.735,13,68,87551891
601.991,13,68,87651946
604.067,13,68,87752002
608.671,13,68,87852058
606.57,13,68,87952114
593.522,13,74,88052170
603.316,13,74,88152226
605.237,13,74,88252282
608.849,13,74,88352339
611.599,13,74,88452395
623.377,11,74,88552449
617.848,11,74,88652504
620.267,11,74,88752559
622.433,11,74,88852613
623.944,11,74,88952667
619.182,10,68,89052723
611.837,10,68,89152779
605.921,10,68,89252835
602.279,10,68,89352892
599.922,10,68,89452948
580.745,12,71,89553003
586.935,12,71,89653058
588.197,12,71,89753113
587.495,12,71,89853169
587.15,12,71,89953224
589.945,13,79,90053280
591.415,13,79,90153335
591.513,13,79,90253391
592.844,13,79,90353448
595.327,13,79,90453503
604.673,10,72,90553558
591.232,10,72,90653614
586.372,10,72,90753669
589.435,10,72,90853725
583.466,10,72,90953781
503.161,12,83,91053836
510.933,12,83,91153892
507.238,12,83,91253949
505.877,12,83,91354003
511.65,12,83,91454058
510.68,11,72,91554113
514.561,11,72,91654170
539.202,11,72,91754225
556.146,11,72,91854280
570.335,11,72,91954335
610.501,12,74,92054390
592.05,12,74,92154446
591.808,12,74,92254504
596.06,12,74,92354559
596.668,12,74,92454614
618.954,10,70,92554669
609.632,10,70,92654725
609.364,10,70,92754781
609.299,10,70,92854845
610.655,10,70,92954900
604.328,11,73,93054956
611.11,11,73,93155011
612.38,11,73,93255067
585.91,11,73,93355123
562.004,11,73,93455178
482.859,10,82,93555233
487.584,10,82,93655289
483.104,10,82,93755345
480.078,10,82,93855400
489.474,10,82,93955455
595.153,11,77,94055512
590.116,11,77,94155567
585.932,11,77,94255623
591.468,11,77,94355679
593.35,11,77,94455734
617.724,10,76,94555789
613.082,10,76,94655844
623.957,10,76,94755899
616.892,10,76,94855954
611.062,10,76,94956010
588.61,10,83,95056067
594.48,10,83,95156122
579.245,10,83,95256179
556.022,10,83,95356235
544.339,10,83,95456291
493.352,12,71,95556346
492.973,12,71,95656400
500.762,12,71,95756457
502.322,12,71,95856511
502.165,12,71,95956566
457.945,10,70,96056622
460.438,10,70,96156679
463.865,10,70,96256735
464.914,10,70,96356790
463.66,10,70,96456845
462.072,11,78,96556901
461.394,11,78,96656958
463.729,11,78,96757014
465.866,11,78,96857070
473.94,11,78,96957126
499.684,11,77,97057182
494.107,11,77,97157238
493.323,11,77,97257292
492.95,11,77,97357349
489.389,11,77,97457405
474.934,11,76,97557462
475.905,11,76,97657517
477.365,11,76,97757572
477.69,11,76,97857627
479.077,11,76,97957682
472.639,10,71,98057738
480.913,10,71,98157794
480.585,10,71,98257849
482.956,10,71,98357905
484.434,10,71,98457961
493.083,13,63,98558016
487.65,13,63,98658073
488.57,13,63,98758130
489.658,13,63,98858179
490.257,13,63,98958233
497.334,11,79,99058289
498.61,11,79,99158344
501.346,11,79,99258399
506.148,11,79,99358455
509.704,11,79,99458511
513.523,11,61,99558566
524.593,11,61,99658621
527.171,11,61,99758676
530.803,11,61,99858731
533.207,11,61,99958787
552.92,9,76,100058842
545.114,9,76,100158898
548.49,9,76,100258953
566.056,9,76,100359011
574.669,9,76,100459065
599.646,11,78,100559121
598.231,11,78,100659177
598.231,11,78,100759231
598.231,11,78,100859286
598.231,11,78,100959341
758.681,12,82,101059397
761.609,12,82,101159454
759.35,12,82,101259508
755.264,12,82,101359563
751.292,12,82,101459618
648.853,10,82,101559674
705.884,10,82,101659731
719.253,10,82,101759786
725.029,10,82,101859841
696.573,10,82,101959896
587.544,11,0,102059951
600.596,11,0,102160007
604.87,11,0,102260062
597.015,11,0,102360118
572.863,11,0,102460173
561.516,13,77,102560234
562.286,13,77,102660289
564.549,13,77,102760344
565.04,13,77,102860400
564.551,13,77,102960455
551.2,12,82,103060511
559.381,12,82,103160566
564.813,12,82,103260623
567.573,12,82,103360678
568.828,12,82,103460734
586.529,11,81,103560789
592.642,11,81,103660845
600.762,11,81,103760901
599.936,11,81,103860956
598.807,11,81,103961011
608.622,12,60,104061068
605.123,12,60,104161123
612.155,12,60,104261178
615.497,12,60,104361234
618.383,12,60,104461288
615.258,12,81,104561344
624.745,12,81,104661400
625.717,12,81,104761455
601.361,12,81,104861510
584.339,12,81,104961566
523.816,12,81,105061623
514.841,12,81,105161679
516.057,12,81,105261733
519.534,12,81,105361788
522.384,12,81,105461842
520.195,11,68,105561898
523.102,11,68,105661953
526.464,11,68,105762008
532.65,11,68,105862063
533.27,11,68,105962120
565.76,10,83,106062175
551.034,10,83,106162231
556.058,10,83,106262286
560.039,10,83,106362340
563.423,10,83,106462397
542.005,12,68,106562453
541.876,12,68,106662509
546.995,12,68,106762565
549.945,12,68,106862622
552.05,12,68,106962678
558.949,10,72,107062734
562.226,10,72,107162790
566.447,10,72,107262845
567.107,10,72,107362900
570.026,10,72,107462957
587.636,12,82,107563011
587.823,12,82,107663067
603.833,12,82,107763122
616.039,12,82,107863178
617.016,12,82,107963234
609.013,11,73,108063291
621.424,11,73,108163346
623.689,11,73,108263403
617.842,11,73,108363459
612.524,11,73,108463515
547.876,12,79,108563571
541.856,12,79,108663627
539.74,12,79,108763681
538.54,12,79,108863738
539.114,12,79,108963795
545.009,14,72,109063852
542.695,14,72,109163908
541.365,14,72,109263964
540.753,14,72,109364018
543.028,14,72,109464073
549.425,12,64,109564129
539.546,12,64,109664185
545.47,12,64,109764241
550.778,12,64,109864296
546.049,12,64,109964351
531.016,11,73,110064407
505.101,11,73,110164464
502.779,11,73,110264520
503.101,11,73,110364575
500.878,11,73,110464630
496.672,10,80,110564684
494.398,10,80,110664741
496.506,10,80,110764796
482.52,10,80,110864846
489.736,10,80,110964903
544.514,11,68,111064958
547.23,11,68,111165013
551.167,11,68,111265069
554.421,11,68,111365126
555.52,11,68,111465180
571.547,11,80,111565235
563.215,11,80,111665290
560.063,11,80,111765347
577.46,11,80,111865404
588.123,11,80,111965460
608.575,11,75,112065515
614.763,11,75,112165570
618.738,11,75,112265625
631.887,11,75,112365680
643.173,11,75,112465736
682.361,11,83,112565791
670.816,11,83,112665848
669.943,11,83,112765903
679.852,11,83,112865959
685.612,11,83,112966014
668.571,13,87,113066069
686.86,13,87,113166124
701.382,13,87,113266179
702.583,13,87,113366234
692.949,13,87,113466288
655.503,12,85,113566343
632.171,12,85,113666399
637.634,12,85,113766455
640.169,12,85,113866511
648.976,12,85,113966567
594.373,12,82,114066622
577.875,12,82,114166677
580.755,12,82,114266732
579.679,12,82,114366787
578.72,12,82,114466843
586.725,11,76,114566899
580.352,11,76,114666956
579.142,11,76,114767012
576.929,11,76,114867068
577.922,11,76,114967123
587.717,13,79,115067178
584.92,13,79,115167234
586.342,13,79,115267290
585.748,13,79,115367345
586.778,13,79,115467400
577.939,10,77,115567456
577.352,10,77,115667511
577.85,10,77,115767566
574.933,10,77,115867621
582.602,10,77,115967678
601.633,11,55,116067733
588.445,11,55,116167788
580.066,11,55,116267844
577.275,11,55,116367899
576.089,11,55,116467956
575.279,12,66,116568010
585.67,12,66,116668067
590.026,12,66,116768122
588.3,12,66,116868172
590.213,12,66,116968227
584.015,14,74,117068282
577.581,14,74,117168337
582.009,14,74,117268393
582.752,14,74,117368452
583.55,14,74,117468508
588.178,10,79,117568563
587.263,10,79,117668618
577.974,10,79,117768675
563.311,10,79,117868729
558.116,10,79,117968783
548.787,13,82,118068839
544.613,13,82,118168894
548.659,13,82,118268949
557.058,13,82,118369005
558.753,13,82,118469061
572.246,12,69,118569117
578.51,12,69,118669172
581.808,12,69,118769228
584.895,12,69,118869285
584.62,12,69,118969340
535.848,11,79,119069396
581.987,11,79,119169451
592.032,11,79,119269507
586.658,11,79,119369562
580.298,11,79,119469618
494.499,12,72,119569674
502.963,12,72,119669728
508.055,12,72,119769785
510.535,12,72,119869839
514.486,12,72,119969896
485.85,12,80,120069953
488.754,12,80,120170010
493.583,12,80,120270066
495.218,12,80,120370123
497,12,80,120470179
480.134,12,82,120570235
495.447,12,82,120670292
495.886,12,82,120770348
495.266,12,82,120870403
495.43,12,82,120970459
494.866,10,87,121070513
495.957,10,87,121170570
500.457,10,87,121270626
499.708,10,87,121370684
507.474,10,87,121470739
502.26,10,79,121570794
513.074,10,79,121670850
512.55,10,79,121770907
512.551,10,79,121870962
512.33,10,79,121971017
500.501,10,77,122071073
519.322,10,77,122171128
521.185,10,77,122271183
516.656,10,77,122371239
519.66,10,77,122471294
510.334,10,81,122571349
522.188,10,81,122671405
524.129,10,81,122771462
524.861,10,81,122871506
526.874,10,81,122971561
521.195,10,66,123071616
532.244,10,66,123171672
541.408,10,66,123271727
549.724,10,66,123371783
552.482,10,66,123471840
537.153,11,80,123571894
557.761,11,80,123671949
561.704,11,80,123772005
555.821,11,80,123872060
550.636,11,80,123972116
524.246,11,81,124072170
531.791,11,81,124172227
533.866,11,81,124272283
538.931,11,81,124372338
544.429,11,81,124472393
547.345,12,76,124572449
557.217,12,76,124672506
565.499,12,76,124772560
560.555,12,76,124872616
560.79,12,76,124972672
526.87,11,80,125073051
537.824,11,80,125173108
552.977,11,80,125273164
560.686,11,80,125373219
562.054,11,80,125473275
588.062,12,60,125573646
585.726,12,60,125673702
582.756,12,60,125773759
587.191,12,60,125873814
592.451,12,60,125973869
569.476,13,70,126073925
597.155,13,70,126173980
594.418,13,70,126274035
591.124,13,70,126374091
603.989,13,70,126474147
606.796,15,79,126574244
605.916,15,79,126674301
608.179,15,79,126774356
616.079,15,79,126874413
614.77,15,79,126974468
587.544,12,82,127074597
596.404,12,82,127174654
576.481,12,82,127274710
568.626,12,82,127374766
566.301,12,82,127474823
564.7,11,74,127574836
567.961,11,74,127674891
567.457,11,74,127774946
565.485,11,74,127875001
565.573,11,74,127975057
564.091,11,74,128075112
554.558,13,74,128175167
556.65,13,74,128275222
555.541,13,74,128375276
556.342,13,74,128475332
556.687,13,74,128575387
556.954,11,80,128675444
557.535,11,80,128775499
560.858,11,80,128875555
562.609,11,80,128975610
563.886,11,80,129075665
561.454,11,80,129175720
564.423,11,80,129275777
563.87,11,80,129375832
563.331,11,80,129475887
560.788,11,80,129575942
536.645,13,68,129675997
