os,cpu,gpu,ram,kernel,driver
Arch Linux,AMD Ryzen 7 3700X 8-Core Processor,Radeon RX 5600 OEM/5600 XT / 5700/5700 XT,16406292,5.8.1-arch1-1,4.6 Mesa 20.2.0-devel
268.962,12,56,56
267.336,12,56,100113
268.186,12,56,200169
268.589,12,56,300226
257.555,12,52,400282
268.678,12,52,500339
269.722,12,52,600395
269.547,12,52,700451
269.98,12,52,800508
267.332,12,60,900565
271.4,12,60,1000622
272.201,12,60,1100677
272.931,12,60,1200733
271.925,12,60,1300789
247.678,12,91,1400845
266.603,12,91,1500901
266.024,12,91,1600958
265.307,12,91,1701015
265.22,12,91,1801071
245.339,11,56,1901127
263.984,11,56,2001182
266.955,11,56,2101238
271.544,11,56,2201294
279.149,11,56,2301351
315.358,11,94,2401408
356.287,11,94,2501463
355.789,11,94,2601520
335.668,11,94,2701575
318.747,11,94,2801633
279.174,13,78,2903271
280.763,13,78,3003327
279.94,13,78,3103382
276.683,13,78,3203438
274.294,13,78,3303495
225.683,12,86,3405559
258.467,12,86,3505613
258.901,12,86,3605670
260.824,12,86,3705725
261.368,12,86,3805781
260.851,12,43,3906377
261.622,12,43,4006432
262.56,12,43,4106487
259.924,12,43,4206543
260.12,12,43,4306600
248.694,12,81,4408526
258.632,12,81,4508584
258.25,12,81,4608640
258.093,12,81,4708698
258.907,12,81,4808754
243.724,11,46,4911073
256.324,11,46,5011129
257.81,11,46,5111186
259.03,11,46,5211242
258.715,11,46,5311298
234.082,12,91,5414023
262.024,12,91,5514079
266.881,12,91,5614135
267.719,12,91,5714191
268.106,12,91,5814247
255.951,11,53,5916155
261.704,11,53,6016212
258.853,11,53,6116269
260.189,11,53,6216324
261.791,11,53,6316378
249.75,12,81,6417946
263.484,12,81,6518004
266.485,12,81,6618061
266.909,12,81,6718117
218.767,12,81,6818173
192.166,12,81,6918229
249.477,11,51,7018285
260.027,11,51,7118341
263.065,11,51,7218396
218.237,11,51,7318452
227.946,11,51,7418509
273.785,14,0,7518566
276.966,14,0,7618622
277.903,14,0,7718678
277.169,14,0,7818733
277.552,14,0,7918788
285.691,16,66,8018844
288.266,16,66,8118901
289.577,16,66,8218958
285.598,16,66,8319015
288.523,16,66,8419071
299.007,12,96,8519126
302.888,12,96,8619183
301.167,12,96,8719238
299.738,12,96,8819294
299.949,12,96,8919350
260.396,12,96,9019407
260.396,12,96,9119462
238.732,10,66,9219518
253.784,10,66,9319575
259.235,10,66,9419633
200.617,10,66,9519691
216.937,10,66,9619704
285.818,15,0,9719760
290.333,15,0,9819816
290.91,15,0,9919870
291.45,15,0,10019925
291.872,15,0,10119980
286.399,12,76,10220036
293.871,12,76,10320090
294.202,12,76,10420146
292.645,12,76,10520202
259.467,12,76,10620257
283.886,11,91,10720314
278.605,11,91,10820370
280.204,11,91,10920426
213.455,11,91,11020481
240.521,11,91,11120539
344.69,14,77,11220596
341.069,14,77,11320651
320.691,14,77,11420708
308.53,14,77,11520764
306.667,14,77,11620819
348.656,11,93,11720874
355.508,11,93,11820931
351.424,11,93,11920987
348.188,11,93,12021044
346.696,11,93,12121101
370.74,11,70,12221157
363.631,11,70,12321211
365.488,11,70,12421270
365.169,11,70,12521326
366.262,11,70,12621383
367.647,11,94,12721439
394.349,11,94,12821495
423.764,11,94,12921551
438.556,11,94,13021608
446.606,11,94,13121663
474.233,12,92,13221718
473.626,12,92,13321773
469.616,12,92,13421829
465.251,12,92,13521884
462.745,12,92,13621940
454.708,10,99,13721994
458.015,10,99,13822048
459.593,10,99,13922104
463.58,10,99,14022160
466.641,10,99,14122215
472.069,10,99,14222270
257.027,10,99,14322326
359.332,10,99,14422383
401.267,10,99,14522439
425.06,10,99,14622494
403.388,10,99,14722550
482.299,10,99,14822605
490.909,10,99,14922661
497.637,10,99,15022718
502.529,10,99,15122773
502.649,13,86,15222828
498.256,13,86,15322885
401.052,13,86,15422940
428.978,13,86,15522997
444.518,13,86,15623041
478.965,10,99,15723097
440.815,10,99,15823153
420.332,10,99,15923208
404.188,10,99,16023264
387.31,10,99,16123320
226.595,13,99,16223374
98.5292,13,99,16323430
98.5292,13,99,16423484
70.4968,13,99,16523540
112.774,13,99,16623596
244.031,14,62,16723651
248.682,14,62,16823706
170.04,14,62,16923763
153.833,14,62,17023825
185.884,14,62,17123882
316.585,14,91,17223937
318.058,14,91,17323993
320.377,14,91,17424050
319.842,14,91,17524106
320.496,14,91,17624160
334.288,14,75,17724217
333.017,14,75,17824273
336.647,14,75,17924329
339.037,14,75,18024384
339.414,14,75,18124438
352.283,13,94,18224494
354.143,13,94,18324550
354.658,13,94,18424607
353.289,13,94,18524663
351.071,13,94,18624719
344.896,14,94,18724777
357.603,14,94,18824833
357.358,14,94,18924889
359.55,14,94,19024945
363.044,14,94,19125000
399.92,14,96,19225057
394.272,14,96,19325114
378.807,14,96,19425171
370.351,14,96,19525227
362.954,14,96,19625283
326.46,13,99,19725339
331.752,13,99,19825395
311.63,13,99,19925451
185.022,13,99,20025510
198.786,13,99,20125567
268.24,17,95,20225623
271.021,17,95,20325679
273.73,17,95,20425736
274.775,17,95,20525791
277.159,17,95,20625847
296.49,14,80,20725903
300.912,14,80,20825959
313.25,14,80,20926015
323.071,14,80,21026072
330.402,14,80,21126127
365.764,10,86,21226182
361.11,10,86,21326237
347.744,10,86,21426292
344.914,10,86,21526348
345.125,10,86,21626371
351.815,12,82,21726425
363.58,12,82,21826480
364.292,12,82,21926535
364.587,12,82,22026590
364.545,12,82,22126646
368.406,12,79,22226700
370.795,12,79,22326757
381.505,12,79,22426813
382.484,12,79,22526868
382.405,12,79,22626924
383.524,11,89,22726979
388.655,11,89,22827034
388.379,11,89,22927091
387.053,11,89,23027147
387.865,11,89,23127203
402.576,11,67,23227258
397.402,11,67,23327315
390.971,11,67,23427369
383.48,11,67,23527425
375.619,11,67,23627481
346.18,11,95,23727537
342.203,11,95,23827594
329.686,11,95,23927650
308.261,11,95,24027707
266.578,11,95,24127763
239.234,11,92,24227819
261.289,11,92,24327878
264.337,11,92,24427934
268.037,11,92,24527991
271.018,11,92,24628047
282.566,12,94,24728120
281.34,12,94,24828175
278.939,12,94,24928232
278.381,12,94,25028287
284.01,12,94,25128344
297.619,12,89,25229744
310.438,12,89,25329799
311.342,12,89,25429854
310.988,12,89,25529910
312.724,12,89,25629966
295.159,11,56,25731026
320.239,11,56,25831081
320.812,11,56,25931137
321.432,11,56,26031194
322.909,11,56,26131248
302.206,12,94,26231956
322.988,12,94,26332012
322.24,12,94,26432069
321.845,12,94,26532126
322.197,12,94,26632181
322.107,12,88,26732237
323.033,12,88,26832294
312.074,12,88,26932350
301.935,12,88,27032406
273.914,12,88,27132463
276.959,12,88,27232520
285.668,13,82,27332576
289.113,13,82,27432633
229.556,13,82,27532689
239.558,13,82,27632745
243.419,13,82,27732802
252.172,11,47,27832858
252.363,11,47,27932916
257.867,11,47,28032973
262.703,11,47,28133038
265.604,11,47,28233094
294.433,14,45,28333149
324.394,14,45,28433204
357.456,14,45,28533260
350.686,14,45,28633315
368.118,14,45,28733372
436.161,15,53,28833427
406.136,15,53,28933484
388.966,15,53,29033540
383.302,15,53,29133595
380.702,15,53,29233650
381.368,14,98,29333705
380.557,14,98,29433762
375.972,14,98,29533818
372.074,14,98,29633882
360.097,14,98,29733937
298.167,12,93,29833992
295.591,12,93,29934048
287.073,12,93,30034103
279.086,12,93,30134159
275.441,12,93,30234215
268.423,17,81,30334271
273.353,17,81,30434328
274.932,17,81,30534385
276.054,17,81,30634441
276.209,17,81,30734496
263.887,12,44,30834552
263.887,12,44,30934606
55.6502,12,44,31034662
116.008,12,44,31134718
151.017,12,44,31234773
287.432,13,64,31334829
284.208,13,64,31434885
284.412,13,64,31534942
297.605,13,64,31635002
323.667,13,64,31735059
491.757,10,90,31835114
489.823,10,90,31935171
483.731,10,90,32035228
451.651,10,90,32135284
413.474,10,90,32235340
243.543,11,99,32335397
252.4,11,99,32435453
261.243,11,99,32535509
265.82,11,99,32635565
267.493,11,99,32735623
265.626,11,85,32835679
283.167,11,85,32935735
308.806,11,85,33035791
321.896,11,85,33135848
314.42,11,85,33235905
242.536,11,89,33335962
247.892,11,89,33436018
249.767,11,89,33536075
249.773,11,89,33636132
251.253,11,89,33736188
265.855,11,49,33836245
269.108,11,49,33936301
253.598,11,49,34036357
260.044,11,49,34136419
280.124,11,49,34236474
457.682,12,90,34336530
462.648,12,90,34436586
469.936,12,90,34536641
461.681,12,90,34636697
454.336,12,90,34736753
422.797,12,99,34836809
424.565,12,99,34936864
425.582,12,99,35036920
426.979,12,99,35136976
428.719,12,99,35237031
441.685,13,96,35337085
443.555,13,96,35437141
447.626,13,96,35537197
452.459,13,96,35637253
454.228,13,96,35737310
438.399,15,98,35837367
416.706,15,98,35937424
393.939,15,98,36037481
380.25,15,98,36137537
372.59,15,98,36237591
338.811,14,99,36337648
343.544,14,99,36437703
345.212,14,99,36537758
333.552,14,99,36637813
273.797,14,99,36737868
66.0033,11,94,36837923
65.9959,11,94,36937978
66.0022,11,94,37038031
66.0026,11,94,37138086
66.0025,11,94,37238140
66.0037,8,0,37338162
66.0027,8,0,37438216
66.0028,8,0,37538270
65.9992,8,0,37638324
66.0024,8,0,37738380
65.9957,6,0,37838434
66.0022,6,0,37938489
66.0028,6,0,38038545
66.0024,6,0,38138599
66.0025,6,0,38238653
65.9979,7,0,38338707
66.0012,7,0,38438761
66.002,7,0,38538816
66.0018,7,0,38638871
66.0019,7,0,38738926
66.0066,9,7,38840095
66.0022,9,7,38940149
66.0022,9,7,39040204
65.9981,9,7,39140259
66.0022,9,7,39240314
66.0024,3,7,39340380
66.0022,3,7,39440435
66.0026,3,7,39540490
66.0025,3,7,39640544
66.0022,3,7,39740598
66.0021,3,7,39840653
66.0022,3,0,39940708
66.0022,3,0,40040763
66.0022,3,0,40140817
66.0021,3,0,40240872
66.002,3,0,40340926
66.0186,3,12,40440981
66.0082,3,12,40541035
66.0066,3,12,40641080
66.0039,3,12,40741135
66.0035,3,12,40841189
66.0022,2,71,40941244
66.0018,2,71,41041298
65.9982,2,71,41141351
66.0021,2,71,41241406
66.0021,2,71,41341461
65.9609,4,0,41441516
66.0022,4,0,41541571
66.002,4,0,41641625
66.0024,4,0,41741680
66.0022,4,0,41841736
66.0284,8,29,41941791
66.0033,8,29,42041846
66.0035,8,29,42141900
66.0033,8,29,42241954
66.003,8,29,42342010
66.0025,7,1,42442064
66.0035,7,1,42542119
66.0032,7,1,42642173
66.0029,7,1,42742227
66.0027,7,1,42842282
66.0026,7,1,42942336
66.0037,8,0,43042392
66.0026,8,0,43142445
66.0032,8,0,43242499
66.0026,8,0,43342554
66.0025,8,0,43442610
66.0031,2,0,43542665
66.003,2,0,43642718
66.0027,2,0,43742773
66.0024,2,0,43842828
66.0024,2,0,43942882
66.0033,2,6,44042937
66.0022,2,6,44142990
66.0028,2,6,44243040
66.0024,2,6,44343094
66.0025,2,6,44443148
66.0022,2,0,44543203
66.0022,2,0,44643256
66.0025,2,0,44743311
66.0022,2,0,44843365
66.0021,2,0,44943419
65.9674,3,23,45043474
66.0018,3,23,45143528
66.0011,3,23,45243582
66.0018,3,23,45343637
66.0021,3,23,45443691
65.937,6,65,45543749
66.0022,6,65,45643803
66.0019,6,65,45743857
66.0022,6,65,45843911
66.0024,6,65,45943938
66.0022,4,47,46043993
66.0022,4,47,46144047
66.0022,4,47,46244101
66.0022,4,47,46344155
66.0022,4,47,46444208
66.0024,4,47,46544263
66.0022,2,0,46644318
66.0026,2,0,46744373
66.0022,2,0,46844428
66.0022,2,0,46944481
66.0022,2,0,47044536
66.0022,2,0,47144591
66.0022,2,0,47244645
66.0025,2,0,47344700
66.0022,2,0,47444753
66.0022,2,0,47544807
66.0044,3,0,47644862
66.0031,3,0,47744916
66.0025,3,0,47844971
66.0024,3,0,47945025
66.0021,3,0,48045079
66.0037,2,4,48145134
66.0027,2,4,48245188
66.0022,2,4,48345242
66.0022,2,4,48445295
66.0022,2,4,48545349
66.0371,3,0,48645405
66.0104,3,0,48745459
66.0063,3,0,48845514
66.0051,3,0,48945567
66.0046,3,0,49045621
66.0066,2,0,49145676
66.0035,2,0,49245730
66.0022,2,0,49345785
66.0022,2,0,49445837
66.0026,2,0,49545891
66.0022,2,0,49645946
65.9921,2,0,49746001
66.0006,2,0,49846055
65.997,2,0,49946113
82.3123,2,0,50046169
135.733,7,7,50146380
330.046,7,7,50246434
278.876,7,7,50346490
267.531,7,7,50446544
264.287,7,7,50546600
268.846,14,95,50646852
341.54,14,95,50746909
322.646,14,95,50846964
300.491,14,95,50947021
293.729,14,95,51047076
286.207,14,95,51147132
261.49,11,92,51247188
263.519,11,92,51347246
266.427,11,92,51447302
281.817,11,92,51547358
290.779,11,92,51647414
326.498,11,91,51747471
328.143,11,91,51847528
327.623,11,91,51947584
328.489,11,91,52047640
329.187,11,91,52147696
314.404,13,92,52247753
280.986,13,92,52347809
278.462,13,92,52447866
277.581,13,92,52547922
275.483,13,92,52647978
267.334,13,95,52748034
264.767,13,95,52848090
263.516,13,95,52948147
263.737,13,95,53048204
262.774,13,95,53148259
257.084,11,83,53248316
258.594,11,83,53348372
254.178,11,83,53448429
279.94,11,83,53548484
306.115,11,83,53648540
377.171,11,82,53748598
327.06,11,82,53848653
307.471,11,82,53948709
296.921,11,82,54048765
291.25,11,82,54148821
270.252,10,91,54248878
264.208,10,91,54348934
272.553,10,91,54448989
283.564,10,91,54549045
289.946,10,91,54649100
321.105,12,79,54749155
323.386,12,79,54849213
323.314,12,79,54949270
322.699,12,79,55049326
322.139,12,79,55149381
332.549,12,87,55249437
329.703,12,87,55349493
330.63,12,87,55449550
331.325,12,87,55549606
331.814,12,87,55649662
334.468,11,89,55749698
333.738,11,89,55849753
333.533,11,89,55949808
340.523,11,89,56049863
345.058,11,89,56149918
369.14,11,69,56249973
364.305,11,69,56350028
394.255,11,69,56450082
411.489,11,69,56550138
423.317,11,69,56650194
469.855,11,89,56750250
462.349,11,89,56850307
455.894,11,89,56950363
452.432,11,89,57050418
445.496,11,89,57150475
296.586,10,88,57250531
296.586,10,88,57350585
197.331,10,88,57450642
255.121,10,88,57550696
280.177,10,88,57650753
368.614,12,43,57750809
353.137,12,43,57850865
348.47,12,43,57950921
341.785,12,43,58050976
339.369,12,43,58151031
332.018,12,85,58251088
329.459,12,85,58351145
330.111,12,85,58451201
328.012,12,85,58551257
329.701,12,85,58651314
329.238,12,88,58751370
331.776,12,88,58851426
329.171,12,88,58951482
328.837,12,88,59051539
333.96,12,88,59151593
351.922,11,57,59251648
349.093,11,57,59351705
345.01,11,57,59451760
342.436,11,57,59551816
341.311,11,57,59651871
313.852,11,91,59751928
306.426,11,91,59851983
260.246,11,91,59952040
255.811,11,91,60052098
252.61,11,91,60152154
248.739,11,57,60252210
245.603,11,57,60352267
244.711,11,57,60452323
243.818,11,57,60552380
242.417,11,57,60652436
231.864,12,55,60752492
236.663,12,55,60852549
235.516,12,55,60952607
234.482,12,55,61052663
235.291,12,55,61152719
236.093,12,46,61252776
238.824,12,46,61352832
207.944,12,46,61452887
214.486,12,46,61552945
218.43,12,46,61653002
230.471,13,91,61753033
223.807,13,91,61853089
218.331,13,91,61953144
216.614,13,91,62053199
214.485,13,91,62153255
208.1,15,75,62253310
208.736,15,75,62353366
212.363,15,75,62453422
214.446,15,75,62553478
213.888,15,75,62653534
210.39,14,30,62753590
211.706,14,30,62853646
212.159,14,30,62953701
213.682,14,30,63053758
215.545,14,30,63153813
224.517,12,45,63253869
223.895,12,45,63353926
223.389,12,45,63453982
223.56,12,45,63554037
223.426,12,45,63654095
220.313,13,23,63754151
224.924,13,23,63854208
237.376,13,23,63954263
241.282,13,23,64054319
241.341,13,23,64154376
230.857,12,45,64254431
227.893,12,45,64354488
226.197,12,45,64454544
224.894,12,45,64554601
222.04,12,45,64654657
206.066,12,44,64754715
208.215,12,44,64854771
208.577,12,44,64954827
210.577,12,44,65054884
215.592,12,44,65154938
231.196,15,46,65254995
228.698,15,46,65355052
181.255,15,46,65455107
196.797,15,46,65555164
207.285,15,46,65655222
241.458,13,63,65755278
239.601,13,63,65855335
241.25,13,63,65955391
241.826,13,63,66055447
242.016,13,63,66155503
246.245,11,44,66255558
247.963,11,44,66355615
249.771,11,44,66455670
251.893,11,44,66555728
254.259,11,44,66655784
261.074,12,53,66755840
263.836,12,53,66855897
263.404,12,53,66955952
198.344,12,53,67056010
172.897,12,53,67156067
340.685,13,47,67256122
379.323,13,47,67356177
394.617,13,47,67456233
405.427,13,47,67556290
405.918,13,47,67656346
404.04,13,91,67756386
405.558,13,91,67856441
406.735,13,91,67956496
410.489,13,91,68056551
412.192,13,91,68156606
420.512,11,99,68256663
429.475,11,99,68356719
437.195,11,99,68456774
444.824,11,99,68556830
451.094,11,99,68656885
472.668,11,98,68756940
476.705,11,98,68856998
476.721,11,98,68957053
472.721,11,98,69057110
474.333,11,98,69157165
500.62,12,99,69257220
497.837,12,99,69357275
494.815,12,99,69457330
498.336,12,99,69557386
499.665,12,99,69657441
502.188,10,95,69757496
411.378,10,95,69857552
260.133,10,95,69957605
207.151,10,95,70057660
173.063,10,95,70157714
66.0022,10,93,70257768
65.9924,10,93,70357821
66.002,10,93,70457877
66.0022,10,93,70557930
66.0022,10,93,70657985
66.0022,8,3,70758038
65.9904,8,3,70858092
66.0026,8,3,70958146
66.002,8,3,71058200
66.0021,8,3,71158254
65.9999,3,5,71258308
66.0134,3,5,71358364
66.0078,3,5,71458418
66.0059,3,5,71558472
66.005,3,5,71658528
66.0045,3,5,71758582
66.0022,9,0,71858635
64.9597,9,0,71958689
65.3431,9,0,72058744
65.5191,9,0,72158799
65.6066,9,0,72258853
66.0022,4,13,72358908
66.0026,4,13,72458961
66.0022,4,13,72559015
66.0022,4,13,72659070
66.0022,4,13,72759124
65.9979,7,0,72859179
66.0026,7,0,72959233
66.002,7,0,73059287
66.0024,7,0,73159342
66.0022,7,0,73259396
66.0179,5,34,73359451
66.0098,5,34,73459504
66.0066,5,34,73559557
66.0054,5,34,73659612
66.0021,5,34,73759665
66.0022,5,35,73859695
66.0027,5,35,73959748
66.002,5,35,74059803
66.0024,5,35,74159857
65.9996,5,35,74259912
66.0037,7,28,74359966
66.0032,7,28,74460019
66.0025,7,28,74560074
66.0024,7,28,74660129
66.0024,7,28,74760183
66.0022,3,0,74860237
66.0022,3,0,74960292
66.0025,3,0,75060346
66.0022,3,0,75160401
65.9991,3,0,75260456
66.011,2,0,75360513
66.0022,2,0,75460567
66.0022,2,0,75560621
66.0022,2,0,75660676
66.0022,2,0,75760730
66.0022,2,3,75860784
66.0029,2,3,75960837
66.0026,2,3,76060892
66.0022,2,3,76160946
66.0022,2,3,76261000
66.0022,2,3,76361055
66.003,2,0,76461109
66.0022,2,0,76561163
66.0025,2,0,76661218
65.9991,2,0,76761248
66.0022,2,0,76861301
66.0031,2,11,76961355
66.003,2,11,77061409
83.3847,2,11,77161465
201.806,2,11,77261520
268.728,2,11,77361576
546.302,8,0,77461632
544.205,8,0,77561687
537.894,8,0,77661743
535.001,8,0,77761798
533.998,8,0,77861854
507.154,11,99,77961910
497.296,11,99,78061964
494.169,11,99,78162021
484.289,11,99,78262078
479.943,11,99,78362133
340.178,10,99,78462190
285.362,10,99,78562247
263.354,10,99,78662304
251.018,10,99,78762361
247.277,10,99,78862418
238.777,12,92,78962474
238.292,12,92,79062531
237.047,12,92,79162588
231.024,12,92,79262644
227.192,12,92,79362701
215.759,12,56,79462755
213.512,12,56,79562812
215.019,12,56,79662868
217.501,12,56,79762924
219.251,12,56,79862979
232.266,11,77,79963036
235.597,11,77,80063092
237.334,11,77,80163148
238.729,11,77,80263204
239.229,11,77,80363261
275.867,11,45,80463316
286.484,11,45,80563370
297.275,11,45,80663426
304.84,11,45,80763481
309.417,11,45,80863537
327.263,11,50,80963592
323.965,11,50,81063648
305.258,11,50,81163704
286.756,11,50,81263759
274.049,11,50,81363815
239.01,12,80,81463871
238.983,12,80,81563928
240.713,12,80,81663985
242.288,12,80,81764042
244.02,12,80,81864098
247.031,12,47,81964154
247.278,12,47,82064210
250.301,12,47,82164266
248.777,12,47,82264322
248.393,12,47,82364378
234.044,14,82,82464435
264.022,14,82,82564492
303.942,14,82,82664547
325.472,14,82,82764603
335.52,14,82,82864661
394.329,12,46,82964719
399.67,12,46,83064773
403.185,12,46,83164828
417.229,12,46,83264883
430.606,12,46,83364939
473.985,10,87,83464996
477.121,10,87,83565052
469.248,10,87,83665108
462.228,10,87,83765163
460.859,10,87,83865219
488.034,12,96,83965275
483.404,12,96,84065331
498.581,12,96,84165386
491.412,12,96,84265442
474.837,12,96,84365497
404.359,11,95,84465554
330.122,11,95,84565610
338.134,11,95,84665665
342.09,11,95,84765720
342.651,11,95,84865777
325.029,12,93,84965832
325.197,12,93,85065889
324.755,12,93,85165945
327.641,12,93,85266000
344.017,12,93,85366057
427.684,11,72,85466112
425.894,11,72,85566168
412.219,11,72,85666224
376.839,11,72,85766281
360.627,11,72,85866339
285.519,12,94,85966363
289.828,12,94,86066419
290.78,12,94,86166474
292.088,12,94,86266530
287.569,12,94,86366587
267.886,11,84,86466642
282.577,11,84,86566698
293.622,11,84,86666754
294.317,11,84,86766809
296.186,11,84,86866865
311.087,11,61,86966922
308.33,11,61,87066978
311.893,11,61,87167034
325.13,11,61,87267089
333.105,11,61,87367145
336.234,12,69,87467200
336.972,12,69,87567256
335.398,12,69,87667311
335.547,12,69,87767367
335.197,12,69,87867424
343.552,14,97,87967481
345.986,14,97,88067537
345.712,14,97,88167593
346.343,14,97,88267650
291.717,14,97,88367707
253.598,11,93,88467763
254.191,11,93,88567820
259.773,11,93,88667876
262.913,11,93,88767933
265.992,11,93,88867989
275.097,13,49,88968045
278.906,13,49,89068100
281.359,13,49,89168156
284.442,13,49,89268213
287.662,13,49,89368270
300.363,12,91,89468327
304.252,12,91,89568384
304.265,12,91,89668441
304.358,12,91,89768497
304.696,12,91,89868554
299.367,12,90,89968611
288.224,12,90,90068667
278.825,12,90,90168724
276.712,12,90,90268781
275.193,12,90,90368837
267.25,13,80,90468894
297.691,13,80,90568950
328.553,13,80,90669005
342.069,13,80,90769062
351.427,13,80,90869118
338.549,12,48,90969174
333.973,12,48,91069231
331.319,12,48,91169286
329.425,12,48,91269343
326.318,12,48,91369399
319.622,14,86,91469454
317.283,14,86,91569511
317.712,14,86,91669568
317.599,14,86,91769625
316.766,14,86,91869679
317.402,14,66,91969696
294.953,14,66,92069750
294.572,14,66,92169805
296.783,14,66,92269860
299.71,14,66,92369916
302.281,16,86,92469972
308.703,16,86,92570029
308.941,16,86,92670085
309.238,16,86,92770142
309.344,16,86,92870199
314.087,14,92,92970255
314.252,14,92,93070311
315.691,14,92,93170365
315.506,14,92,93270421
315.819,14,92,93370477
318.598,13,64,93470533
318.598,13,64,93570587
42.4529,13,64,93670642
116.89,13,64,93770699
160.629,13,64,93870755
310.524,13,96,93970810
327.181,13,96,94070866
329.578,13,96,94170922
329.945,13,96,94270977
330.774,13,96,94371032
337.258,11,90,94471088
337.395,11,90,94571143
333.553,11,90,94671199
331.09,11,90,94771255
329.901,11,90,94871311
327.674,11,88,94971367
324.191,11,88,95071423
326.48,11,88,95171478
326.747,11,88,95271533
320.793,11,88,95371590
310.078,12,76,95471647
332.897,12,76,95571704
338.595,12,76,95671761
340.798,12,76,95771815
341.348,12,76,95871871
361.224,11,93,95971926
366.944,11,93,96071983
379.964,11,93,96172038
401.03,11,93,96272094
411.989,11,93,96372150
446.183,11,91,96472205
439.669,11,91,96572261
438.84,11,91,96672316
438.669,11,91,96772373
434.622,11,91,96872428
103.724,12,99,96972485
208.756,12,99,97072541
208.756,12,99,97172597
106.179,12,99,97272653
145.354,12,99,97372708
259.965,14,0,97472765
262.268,14,0,97572822
259.484,14,0,97672879
262.281,14,0,97772935
265.481,14,0,97872992
264.947,14,86,97973029
269.266,14,86,98073085
275.227,14,86,98173141
274.711,14,86,98273196
271.802,14,86,98373251
247.647,13,73,98473307
256.375,13,73,98573362
260.345,13,73,98673418
257.976,13,73,98773474
257.796,13,73,98873530
242.248,11,45,98973586
250.166,11,45,99073642
193.873,11,45,99173697
148.976,11,45,99273751
129.782,11,45,99373804
116.227,11,45,99473858
66.0022,9,84,99573914
66.003,9,84,99673968
66.0025,9,84,99774022
66.0024,9,84,99874076
66.0024,9,84,99974131
66.0136,5,3,100074186
66.0086,5,3,100174241
66.0061,5,3,100274296
66.0052,5,3,100374349
66.0045,5,3,100474404
66.0022,2,0,100574459
66.0022,2,0,100674514
65.9971,2,0,100774569
66.0019,2,0,100874623
66.002,2,0,100974677
66.0298,3,0,101074732
66.0042,3,0,101174786
66.008,3,0,101274840
66.006,3,0,101374893
66.0054,3,0,101474947
66.0022,2,0,101575002
66.0022,2,0,101675056
66.0022,2,0,101775110
66.0024,2,0,101875164
66.0022,2,0,101975218
65.8501,2,0,102075276
66.0022,2,0,102175330
66.0022,2,0,102275384
66.002,2,0,102375438
66.0021,2,0,102475493
66.0021,2,26,102575550
65.9906,2,26,102675603
65.9972,2,26,102775657
66.0022,2,26,102875712
66.0022,2,26,102975766
66.0025,2,26,103075821
66.0022,2,50,103175874
66.0026,2,50,103275934
66.0025,2,50,103375989
66.0024,2,50,103476044
66.0022,2,50,103576099
66.0219,2,44,103676152
66.0086,2,44,103776206
72.7908,2,44,103876261
123.43,2,44,103976318
152.658,2,44,104076368
281.104,9,0,104176422
304.464,9,0,104276477
327.045,9,0,104376533
353.347,9,0,104476589
378.305,9,0,104576643
457.538,11,80,104676699
453.439,11,80,104776756
455.722,11,80,104876811
460.978,11,80,104976866
462.842,11,80,105076922
476.659,11,99,105176978
480.463,11,99,105277033
483.864,11,99,105377090
469.594,11,99,105477146
450.449,11,99,105577202
398.626,11,96,105677257
388.71,11,96,105777313
374.152,11,96,105877370
362.093,11,96,105977426
347.361,11,96,106077481
249.842,11,89,106177538
235.925,11,89,106277595
229.782,11,89,106377651
227.501,11,89,106477707
226.08,11,89,106577763
220.119,11,51,106677819
222.136,11,51,106777875
222.867,11,51,106877931
128.264,11,51,106977988
145.43,11,51,107078045
203.073,12,71,107178101
207.316,12,71,107278157
211.013,12,71,107378213
210.449,12,71,107478270
208.576,12,71,107578325
201.288,11,45,107678379
204.484,11,45,107778435
204.329,11,45,107878490
205.296,11,45,107978546
171.292,11,45,108078602
251.602,11,45,108178659
256.905,11,45,108278716
256.996,11,45,108378773
258.228,11,45,108478829
258.338,11,45,108578884
229.459,11,45,108678940
215.679,11,45,108778997
221.473,11,45,108879052
227.246,11,45,108979109
231.906,11,45,109079165
257.558,11,87,109179222
255.239,11,87,109279278
252.583,11,87,109379336
252.166,11,87,109479391
249.345,11,87,109579449
205.389,12,84,109679504
203.903,12,84,109779561
203.018,12,84,109879618
203.217,12,84,109979674
203.691,12,84,110079694
207.723,12,45,110179751
206.143,12,45,110279806
205.607,12,45,110379868
205.534,12,45,110479923
206.574,12,45,110579979
210.172,11,46,110680035
215.805,11,46,110780091
216.036,11,46,110880147
208.814,11,46,110980203
211.537,11,46,111080259
222.124,13,53,111180315
222.525,13,53,111280372
223.403,13,53,111380426
224.184,13,53,111480484
224.995,13,53,111580539
237.812,11,49,111680596
234.457,11,49,111780651
176.274,11,49,111880707
156.854,11,49,111980763
177.768,11,49,112080819
264.746,11,46,112180874
152.129,11,46,112280930
193.599,11,46,112380986
213.114,11,46,112481042
224.046,11,46,112581099
254.496,10,50,112681156
253.581,10,50,112781211
250.686,10,50,112881268
249.11,10,50,112981324
249.622,10,50,113081380
256.447,10,77,113181436
261.321,10,77,113281492
262.376,10,77,113381547
262.868,10,77,113481605
261.229,10,77,113581660
275.373,10,83,113681716
278.814,10,83,113781771
272.134,10,83,113881827
272.49,10,83,113981883
271.151,10,83,114081939
284.02,11,55,114181997
294.846,11,55,114282054
297.654,11,55,114382111
299.686,11,55,114482168
301.719,11,55,114582222
304.661,12,42,114682278
318.607,12,42,114782334
321.545,12,42,114882389
323.368,12,42,114982444
322.283,12,42,115082501
330.743,12,64,115182556
325.781,12,64,115282612
324.362,12,64,115382669
326.528,12,64,115482725
329.762,12,64,115582780
335.783,12,81,115682836
338.785,12,81,115782893
335.818,12,81,115882951
335.096,12,81,115983007
336.6,12,81,116083033
343.393,11,64,116183087
342.862,11,64,116283142
344.518,11,64,116383198
347.426,11,64,116483253
349.725,11,64,116583309
366.285,12,86,116683364
358.794,12,86,116783420
360.518,12,86,116883476
361.979,12,86,116983531
364.153,12,86,117083587
375.422,14,89,117183643
389.523,14,89,117283698
394.269,14,89,117383754
393.118,14,89,117483811
388.907,14,89,117583867
350.339,12,84,117683922
356.284,12,84,117783977
356.938,12,84,117884034
355.816,12,84,117984089
355.976,12,84,118084146
349.267,11,91,118184202
348.516,11,91,118284258
351.92,11,91,118384313
357.999,11,91,118484367
362.823,11,91,118584421
400.16,11,85,118684476
397.366,11,85,118784533
383.909,11,85,118884589
376.99,11,85,118984646
372.837,11,85,119084703
358.616,16,96,119184759
359.122,16,96,119284816
358.125,16,96,119384872
356.725,16,96,119484929
356.885,16,96,119584985
350.918,16,92,119685040
359.364,16,92,119785095
359.392,16,92,119885152
359.117,16,92,119985206
359.963,16,92,120085262
365.809,15,90,120185319
370.511,15,90,120285375
371.037,15,90,120385431
367.078,15,90,120485487
369.454,15,90,120585543
381.947,15,90,120685599
375.103,15,90,120785655
374.487,15,90,120885712
377.413,15,90,120985767
378.839,15,90,121085824
400.893,13,76,121185881
389.304,13,76,121285937
390.592,13,76,121385994
382.482,13,76,121486051
381.532,13,76,121586107
374.953,13,90,121686163
365.173,13,90,121786218
360.683,13,90,121886276
355.422,13,90,121986331
352.162,13,90,122086360
339.42,16,90,122186415
345.023,16,90,122286471
345.987,16,90,122386527
345.295,16,90,122486590
347.289,16,90,122586645
348.099,16,90,122686700
352.066,16,90,122786756
355.383,16,90,122886811
355.407,16,90,122986867
357.939,16,90,123086924
365.731,15,89,123186981
354.91,15,89,123287037
353.229,15,89,123387094
351.587,15,89,123487150
350.282,15,89,123587206
340.406,14,85,123687263
347.953,14,85,123787318
348.133,14,85,123887372
350.057,14,85,123987428
352.007,14,85,124087484
372.232,15,85,124187540
362.818,15,85,124287596
360.071,15,85,124387652
357.634,15,85,124487708
357.948,15,85,124587765
342.056,17,91,124687822
343.083,17,91,124787879
341.232,17,91,124887937
343.418,17,91,124987993
342.341,17,91,125088050
330.196,13,84,125188104
343.443,13,84,125288160
343.236,13,84,125388216
343.697,13,84,125488272
347.352,13,84,125588329
376.932,14,92,125688384
374.255,14,92,125788440
373.056,14,92,125888496
373.853,14,92,125988552
375.472,14,92,126088607
374.953,15,89,126189350
383.263,15,89,126289406
383.47,15,89,126389462
382.696,15,89,126489519
382.294,15,89,126589574
359.583,16,73,126689694
380.748,16,73,126789749
389.694,16,73,126889805
418.202,16,73,126989860
416.007,16,73,127089916
387.672,14,89,127191228
390.045,14,89,127291283
386.121,14,89,127391339
386.704,14,89,127491395
390.753,14,89,127591450
390.32,13,86,127691520
412.89,13,86,127791576
414.271,13,86,127891631
416.541,13,86,127991687
422.022,13,86,128091742
451.773,14,88,128192929
479.929,14,88,128292986
477.705,14,88,128393024
471.084,14,88,128493079
458.006,14,88,128593135
372.578,12,99,128693189
383.703,12,99,128793245
381.878,12,99,128893301
381.165,12,99,128993357
379.905,12,99,129093412
380.118,11,86,129193593
384.841,11,86,129293649
386.824,11,86,129393705
386.459,11,86,129493761
388.54,11,86,129593816
389.843,12,78,129693894
400.176,12,78,129793949
405.578,12,78,129894006
407.6,12,78,129994063
408.36,12,78,130094119
424.257,12,78,130194175
552.586,13,89,130294230
543.525,13,89,130394286
503.689,13,89,130494343
460.492,13,89,130594399
426.389,13,89,130694453
292.789,12,94,130794509
295.537,12,94,130894564
297.334,12,94,130994620
298.289,12,94,131094677
298.484,12,94,131194733
298.97,13,51,131294790
334.39,13,51,131394846
361.635,13,51,131494904
374.579,13,51,131594960
382.152,13,51,131695016
414.621,15,71,131795072
415.246,15,71,131895126
414.766,15,71,131995183
415.367,15,71,132095239
418.616,15,71,132195295
429.837,11,79,132295351
431.881,11,79,132395408
431.597,11,79,132495464
432.402,11,79,132595520
433.622,11,79,132695576
436.466,10,86,132795632
439.817,10,86,132895689
440.342,10,86,132995745
441.894,10,86,133095800
441.442,10,86,133195855
432.944,12,88,133295910
431.781,12,88,133395967
446.674,12,88,133496023
466.911,12,88,133596079
478.294,12,88,133696135
504.154,11,92,133796190
502.558,11,92,133896247
495.01,11,92,133996302
491.772,11,92,134096356
488.709,11,92,134196416
473.654,11,83,134296471
477.647,11,83,134396526
480.434,11,83,134496581
462.989,11,83,134596637
435.681,11,83,134696692
333.77,13,84,134796748
343.072,13,84,134896804
357.569,13,84,134996860
366.544,13,84,135096916
378.835,13,84,135196971
436.141,11,59,135297027
452.141,11,59,135397083
450.982,11,59,135497139
449.438,11,59,135597194
449.207,11,59,135697251
440.923,13,88,135797306
444.666,13,88,135897362
449.678,13,88,135997417
451.036,13,88,136097474
457.634,13,88,136197528
489.512,15,84,136297584
488.23,15,84,136397639
488.039,15,84,136497696
494.327,15,84,136597751
492.707,15,84,136697807
418.166,16,94,136797864
424.266,16,94,136897920
426.662,16,94,136997976
429.377,16,94,137098033
414.205,16,94,137198089
301.92,12,87,137298146
318.011,12,87,137398201
332.895,12,87,137498256
342.891,12,87,137598312
348.615,12,87,137698367
370.285,10,53,137798423
367.888,10,53,137898479
366.761,10,53,137998536
369.418,10,53,138098591
373.525,10,53,138198648
384.808,11,84,138298703
398.418,11,84,138398759
405.661,11,84,138498815
411.953,11,84,138598870
422.778,11,84,138698926
501.814,11,80,138798982
510.35,11,80,138899037
517.838,11,80,138999093
513.54,11,80,139099149
508.324,11,80,139199204
470.668,12,90,139299261
476.88,12,90,139399318
479.769,12,90,139499375
477.093,12,90,139599430
476.604,12,90,139699485
472.317,13,88,139799540
478.074,13,88,139899595
477.986,13,88,139999650
478.533,13,88,140099694
477.36,13,88,140199752
466.263,11,92,140299808
471.403,11,92,140399864
474.105,11,92,140499919
475.887,11,92,140599975
476.82,11,92,140700031
485.895,10,94,140800087
479.403,10,94,140900143
480.962,10,94,141000199
482.473,10,94,141100255
483.194,10,94,141200310
434.046,16,94,141300367
437.507,16,94,141400424
424.076,16,94,141500478
415.813,16,94,141600535
410.342,16,94,141700591
431.442,13,99,141800647
447.812,13,99,141900704
454.987,13,99,142000760
447.648,13,99,142100815
442.497,13,99,142200872
452.52,11,99,142300927
458.833,11,99,142400983
444.159,11,99,142501038
413.122,11,99,142601097
395.945,11,99,142701153
364.605,10,93,142801209
366.322,10,93,142901265
365,10,93,143001321
365.804,10,93,143101377
367.251,10,93,143201434
380.491,13,87,143301490
384.824,13,87,143401546
390.847,13,87,143501602
391.763,13,87,143601658
382.214,13,87,143701714
366.812,15,68,143801770
364.464,15,68,143901826
361.805,15,68,144001883
360.652,15,68,144101939
359.253,15,68,144201995
353.252,14,88,144302050
347.464,14,88,144402106
347.546,14,88,144502163
354.624,14,88,144602218
360.2,14,88,144702275
370.37,14,88,144802331
320.34,14,88,144902387
294.115,14,88,145002443
286.38,14,88,145102499
284.652,14,88,145202556
287.792,16,88,145302613
286.706,16,88,145402668
284.401,16,88,145502724
284.24,16,88,145602780
285.577,16,88,145702837
289.939,14,65,145802892
295.863,14,65,145902949
302.317,14,65,146003005
320.39,14,65,146103029
334.132,14,65,146203084
408.299,14,66,146303140
437.06,14,66,146403196
441.055,14,66,146503251
443.699,14,66,146603307
444.14,14,66,146703361
441.202,13,91,146803419
441.621,13,91,146903474
443.605,13,91,147003531
444.781,13,91,147103586
444.441,13,91,147203642
438.347,10,92,147303698
445.725,10,92,147403753
446.664,10,92,147503809
448.946,10,92,147603863
454.554,10,92,147703920
468.702,12,94,147803975
466.54,12,94,147904033
465.07,12,94,148004090
463.544,12,94,148104146
462.212,12,94,148204202
463.991,12,95,148304256
460.781,12,95,148404312
459.777,12,95,148504366
461.205,12,95,148604422
461.158,12,95,148704478
307.755,11,95,148804534
308.25,11,95,148904590
308.267,11,95,149004646
309.019,11,95,149104701
317.405,11,95,149204760
375.013,12,70,149304816
372.085,12,70,149404872
381.184,12,70,149504928
388.498,12,70,149604983
405.593,12,70,149705038
478.672,12,87,149805095
472.529,12,87,149905150
469.717,12,87,150005206
472.767,12,87,150105263
474.49,12,87,150205318
502.062,11,97,150305374
499.901,11,97,150405430
493.887,11,97,150505486
487.646,11,97,150605542
485.793,11,97,150705597
479.219,11,94,150805653
475.701,11,94,150905708
479.686,11,94,151005764
479.061,11,94,151105820
482.129,11,94,151205876
498.993,10,96,151305932
496.32,10,96,151405988
484.525,10,96,151506043
484.102,10,96,151606100
474.129,10,96,151706154
422.274,12,91,151806210
418.681,12,91,151906266
413.578,12,91,152006322
412.513,12,91,152106356
415.238,12,91,152206411
445.495,11,91,152306466
466.409,11,91,152406522
479.86,11,91,152506577
479.611,11,91,152606633
479.688,11,91,152706688
478.881,13,94,152806743
472.14,13,94,152906799
470.192,13,94,153006855
474.082,13,94,153106911
475.069,13,94,153206966
481.065,13,90,153307023
485.794,13,90,153407078
490.677,13,90,153507133
493.359,13,90,153607189
496.619,13,90,153707245
485.437,14,99,153807300
491.765,14,99,153907356
494.239,14,99,154007411
495.476,14,99,154107467
489.433,14,99,154207522
457.736,14,90,154307579
459.888,14,90,154407634
460.201,14,90,154507691
467.024,14,90,154607745
473.487,14,90,154707802
488.787,12,84,154807857
494.394,12,84,154907912
494.252,12,84,155007968
493.005,12,84,155108025
491.532,12,84,155208081
490.244,11,89,155308136
488.791,11,89,155408192
491.736,11,89,155508249
493.957,11,89,155608305
497.878,11,89,155708361
501.968,11,84,155808416
508.273,11,84,155908471
508.061,11,84,156008528
509.629,11,84,156108582
511.118,11,84,156208638
488.115,11,90,156308695
497.576,11,90,156408752
497.814,11,90,156508808
499.727,11,90,156608863
501.054,11,90,156708918
506.383,13,90,156808975
515.716,13,90,156909031
514.122,13,90,157009086
515.206,13,90,157109142
517.987,13,90,157209198
533.005,14,92,157309253
520.865,14,92,157409308
529.304,14,92,157509365
531.418,14,92,157609421
531.746,14,92,157709477
519.267,10,89,157809533
520.988,10,89,157909589
522.553,10,89,158009644
514.054,10,89,158109700
503.798,10,89,158209755
438.688,10,86,158309810
442.511,10,86,158409865
453.223,10,86,158509921
462.727,10,86,158609977
468.224,10,86,158710034
458.205,10,91,158810089
448.54,10,91,158910144
442.582,10,91,159010200
434.607,10,91,159110254
428.711,10,91,159210309
296.855,12,78,159310364
312.477,12,78,159410419
320.476,12,78,159510475
304.66,12,78,159610530
294.807,12,78,159710586
296.642,12,88,159810643
292.977,12,88,159910698
291.336,12,88,160010754
294.195,12,88,160110810
294.669,12,88,160210866
291.624,16,88,160310923
296.147,16,88,160410979
299.299,16,88,160511036
298.254,16,88,160611092
298.137,16,88,160711149
282.739,10,85,160811205
273.178,10,85,160911259
260.332,10,85,161011316
251.275,10,85,161111372
246.508,10,85,161211429
227.48,11,44,161311484
244.828,11,44,161411539
249.146,11,44,161511596
251.109,11,44,161611652
252.96,11,44,161711708
259.39,12,23,161811764
258.276,12,23,161911821
259.214,12,23,162011876
258.135,12,23,162111932
258.842,12,23,162211988
256.206,11,91,162312043
260.362,11,91,162412100
261.745,11,91,162512155
261.373,11,91,162612212
263.875,11,91,162712268
269.914,11,43,162812324
272.449,11,43,162912380
272.47,11,43,163012437
272.253,11,43,163112492
281.127,11,43,163212546
518.072,11,81,163312602
516.061,11,81,163412657
517.596,11,81,163512713
522.323,11,81,163612769
527.257,11,81,163712824
539.941,11,89,163812879
539.613,11,89,163912935
537.759,11,89,164012992
536.498,11,89,164113020
537.219,11,89,164213075
529.051,10,92,164313129
536.83,10,92,164413184
533.109,10,92,164513238
533.285,10,92,164613294
535.265,10,92,164713350
547.733,11,88,164813406
548.517,11,88,164913461
551.753,11,88,165013517
556.518,11,88,165113573
558.368,11,88,165213628
555.701,10,94,165313685
558.339,10,94,165413739
544.572,10,94,165513795
508.693,10,94,165613851
482.817,10,94,165713906
396.93,12,99,165813961
390.9,12,99,165914017
388.427,12,99,166014073
384.016,12,99,166114128
376.347,12,99,166214184
319.251,12,75,166314241
305.778,12,75,166414296
308.46,12,75,166514352
305.137,12,75,166614408
304.136,12,75,166714464
310.956,14,82,166814519
306.635,14,82,166914575
306.984,14,82,167014631
306.686,14,82,167114688
307.544,14,82,167214745
313.234,12,59,167314801
311.91,12,59,167414857
324.22,12,59,167514911
330.942,12,59,167614968
337.193,12,59,167715024
347.813,11,88,167815080
351.441,11,88,167915137
356.702,11,88,168015191
376.113,11,88,168115246
389.616,11,88,168215302
452.582,12,81,168315358
459.178,12,81,168415414
459.653,12,81,168515471
461.72,12,81,168615528
474.068,12,81,168715584
492.005,13,92,168815639
501.915,13,92,168915695
489.934,13,92,169015750
483.02,13,92,169115807
475.848,13,92,169215862
437.044,14,93,169315919
434.814,14,93,169415974
428.734,14,93,169516030
428.248,14,93,169616087
428.244,14,93,169716141
436.834,14,83,169816197
427.245,14,83,169916253
429.124,14,83,170016309
428.109,14,83,170116353
427.689,14,83,170216407
369.959,15,83,170316463
336.184,15,83,170416519
317.557,15,83,170516575
307.151,15,83,170616630
303.098,15,83,170716686
282.598,13,85,170816741
291.523,13,85,170916797
296.098,13,85,171016852
307.539,13,85,171116908
327.299,13,85,171216963
390.494,13,53,171317019
400.395,13,53,171417074
402.24,13,53,171517130
404.407,13,53,171617186
405.251,13,53,171717242
404.227,13,85,171817297
411.329,13,85,171917353
418.905,13,85,172017409
427.886,13,85,172117464
433.637,13,85,172217520
446.514,11,83,172317576
438.423,11,83,172417631
434.527,11,83,172517687
437.38,11,83,172617743
438.078,11,83,172717800
431.327,11,88,172817856
439.523,11,88,172917910
439.78,11,88,173017967
441.556,11,88,173118023
444.611,11,88,173218077
457.935,12,86,173318132
456.316,12,86,173418189
453.036,12,86,173518245
452.604,12,86,173618301
452.625,12,86,173718357
433.401,14,91,173818411
426.526,14,91,173918468
423.801,14,91,174018525
425.725,14,91,174118582
427.208,14,91,174218637
413.462,13,84,174318692
423.309,13,84,174418749
427.208,13,84,174518805
426.918,13,84,174618860
427.182,13,84,174718917
343.613,13,83,174818972
384.344,13,83,174919027
406.329,13,83,175019082
432.049,13,83,175119139
433.343,13,83,175219195
438.289,14,91,175319250
423.08,14,91,175419306
414.738,14,91,175519362
412.978,14,91,175619419
411.54,14,91,175719474
402.955,14,94,175819530
426.305,14,94,175919587
447.139,14,94,176019643
455.363,14,94,176119692
459.813,14,94,176219747
409.11,15,87,176319803
348.739,15,87,176419858
298.968,15,87,176519913
276.563,15,87,176619968
265.017,15,87,176720024
226.424,14,95,176820080
288.549,14,95,176920135
294.783,14,95,177020191
298.644,14,95,177120246
299.609,14,95,177220302
288.392,10,59,177320358
269.717,10,59,177420413
256.789,10,59,177520471
250.698,10,59,177620526
249.429,10,59,177720583
213.721,12,51,177820640
242.408,12,51,177920696
243.653,12,51,178020752
240.61,12,51,178120807
239.125,12,51,178220863
226.757,13,57,178320920
236.944,13,57,178420976
238.644,13,57,178521032
240.185,13,57,178621088
240.935,13,57,178721147
243.665,14,87,178821203
247.9,14,87,178921260
247.662,14,87,179021316
249.034,14,87,179121372
249.896,14,87,179221429
236.072,12,48,179321484
254.56,12,48,179421541
254.465,12,48,179521596
255.116,12,48,179621653
255.067,12,48,179721710
242.483,10,71,179823740
257.403,10,71,179923796
259.425,10,71,180023853
260.339,10,71,180123909
261.12,10,71,180223965
247.831,11,52,180324387
265.565,11,52,180424443
265.189,11,52,180524499
265.37,11,52,180624555
265.996,11,52,180724612
265.979,12,40,180824668
270.894,12,40,180924723
268.744,12,40,181024780
268.92,12,40,181124836
270.965,12,40,181224893
271.017,12,40,181324949
272.097,11,42,181425006
271.185,11,42,181525062
269.906,11,42,181625119
270.067,11,42,181725176
269.851,11,42,181825232
269.093,12,44,181925288
268.32,12,44,182025343
267.357,12,44,182125399
267.834,12,44,182225455
267.956,12,44,182325512
270.169,11,93,182425568
267.937,11,93,182525625
267.946,11,93,182625681
267.064,11,93,182725738
268.33,11,93,182825793
275.217,11,92,182925851
274.598,11,92,183025906
273.094,11,92,183125961
272.782,11,92,183226016
272.896,11,92,183326072
265.345,10,84,183426128
266.977,10,84,183526182
261.497,10,84,183626237
261.009,10,84,183726292
261.555,10,84,183826355
270.85,11,92,183926411
270.386,11,92,184026467
271.238,11,92,184126523
270.4,11,92,184226579
281.943,11,92,184326634
393.496,12,44,184426690
393.255,12,44,184526745
394.334,12,44,184626801
395.639,12,44,184726857
397.032,12,44,184826912
402.651,11,86,184926967
405.17,11,86,185027023
405.477,11,86,185127079
403.812,11,86,185227136
404.975,11,86,185327192
410.632,11,89,185427249
409.058,11,89,185527305
412.03,11,89,185627361
395.233,11,89,185727416
379.507,11,89,185827472
317.9,11,89,185927528
317.581,11,89,186027584
322.516,11,89,186127640
325.289,11,89,186227695
344.522,11,89,186327751
452.591,11,88,186427806
452.421,11,88,186527862
450.547,11,88,186627917
451.587,11,88,186727973
453.234,11,88,186828030
455.799,14,94,186928086
461.804,14,94,187028143
468.222,14,94,187128199
467.316,14,94,187228255
471.789,14,94,187328310
468.752,11,88,187428367
470.138,11,88,187528424
473.193,11,88,187628480
476.845,11,88,187728536
476.047,11,88,187828591
403.379,11,94,187928645
378.084,11,94,188028702
356.598,11,94,188128758
355.936,11,94,188228815
372.233,11,94,188328870
504.139,13,88,188428927
498.844,13,88,188528982
492.468,13,88,188629037
483.173,13,88,188729092
479.383,13,88,188829148
468.05,14,98,188929202
467.651,14,98,189029259
468.035,14,98,189129316
467.892,14,98,189229373
471.169,14,98,189329430
492.42,14,91,189429486
497.34,14,91,189529541
503.009,14,91,189629597
504.362,14,91,189729653
507.389,14,91,189829685
501.283,13,92,189929744
493.129,13,92,190029799
495.399,13,92,190129855
498.004,13,92,190229910
502.849,13,92,190329965
531.469,11,91,190430021
527.564,11,91,190530078
524.809,11,91,190630134
518.937,11,91,190730190
512.187,11,91,190830246
477.909,12,87,190930302
465.716,12,87,191030356
453.387,12,87,191130411
447.39,12,87,191230467
442.673,12,87,191330522
428.622,13,90,191430579
420.22,13,90,191530635
407.085,13,90,191630691
400.109,13,90,191730746
392.991,13,90,191830803
344.975,11,87,191930859
340.771,11,87,192030914
340.048,11,87,192130969
339.322,11,87,192231026
338.703,11,87,192331083
333.703,13,85,192431137
333.282,13,85,192531193
331.454,13,85,192631248
330.743,13,85,192731302
330.133,13,85,192831359
324.211,13,87,192931415
327.252,13,87,193031471
334.621,13,87,193131527
341.887,13,87,193231582
352.541,13,87,193331638
416.106,12,66,193431693
446.5,12,66,193531749
474.36,12,66,193631805
492.018,12,66,193731859
503.128,12,66,193831915
544.939,11,80,193931969
540.386,11,80,194032026
540.252,11,80,194132082
539.38,11,80,194232139
537.544,11,80,194332194
523.462,13,87,194432249
525.759,13,87,194532305
523.041,13,87,194632360
521.236,13,87,194732416
522.263,13,87,194832471
517.161,11,91,194932527
518.588,11,91,195032582
516.353,11,91,195132639
516.185,11,91,195232696
516.391,11,91,195332751
513.63,12,82,195432806
518.664,12,82,195532862
519.721,12,82,195632918
514.045,12,82,195732973
508.732,12,82,195833016
481.867,10,95,195933072
487.892,10,95,196033128
489.898,10,95,196133182
490.274,10,95,196233236
490.361,10,95,196333291
489.029,16,91,196433348
489.757,16,91,196533404
490.606,16,91,196633460
491.604,16,91,196733516
491.112,16,91,196833572
509.831,13,92,196933628
512.968,13,92,197033683
514.411,13,92,197133737
513.386,13,92,197233791
514.441,13,92,197333846
515.9,12,91,197433901
514.607,12,91,197533956
514.668,12,91,197634011
517.449,12,91,197734067
518.69,12,91,197834122
518.652,12,95,197934177
518.082,12,95,198034237
517.072,12,95,198134293
518.943,12,95,198234348
517.642,12,95,198334404
504.133,11,92,198434459
508.792,11,92,198534516
511.672,11,92,198634572
514.587,11,92,198734627
516.538,11,92,198834683
514.675,10,91,198934738
514.469,10,91,199034793
518.091,10,91,199134848
519.357,10,91,199234904
518.497,10,91,199334960
516.424,10,90,199435016
513.383,10,90,199535071
516.874,10,90,199635127
518.704,10,90,199735182
518.619,10,90,199835237
514.16,11,90,199935293
515.359,11,90,200035350
516.153,11,90,200135405
512.423,11,90,200235462
499.598,11,90,200335518
440.759,14,91,200435573
420.453,14,91,200535629
402.868,14,91,200635684
391.982,14,91,200735740
381.828,14,91,200835796
321.386,13,89,200935852
317.748,13,89,201035908
315.384,13,89,201135964
316.179,13,89,201236020
317.17,13,89,201336076
314.83,11,87,201436132
313.901,11,87,201536188
313.164,11,87,201636245
314.557,11,87,201736301
317.974,11,87,201836351
361.496,11,84,201936407
377.833,11,84,202036462
390.234,11,84,202136517
399.701,11,84,202236572
404.499,11,84,202336627
449.647,10,62,202436683
454.347,10,62,202536738
462.025,10,62,202636795
474.543,10,62,202736851
481.323,10,62,202836906
508.189,10,81,202936961
510.274,10,81,203037015
511.574,10,81,203137072
514.858,10,81,203237126
517.645,10,81,203337182
519.897,10,94,203437237
527.252,10,94,203537292
529.974,10,94,203637348
534.971,10,94,203737405
537.267,10,94,203837461
540.394,11,89,203937516
538.783,11,89,204037572
535.932,11,89,204137631
535.639,11,89,204237687
536.123,11,89,204337742
525.936,11,78,204437797
531.439,11,78,204537852
532.045,11,78,204637909
532.147,11,78,204737964
536.469,11,78,204838019
545.686,10,84,204938073
550.361,10,84,205038148
551.924,10,84,205138204
552.628,10,84,205238260
551.888,10,84,205338316
555.187,11,94,205438372
553.39,11,94,205538428
550.975,11,94,205638484
553.284,11,94,205738540
551.994,11,94,205838596
545.988,11,94,205938652
550.374,11,94,206038707
551.689,11,94,206138763
553.734,11,94,206238819
556.342,11,94,206338874
546.995,12,94,206438928
536.455,12,94,206538983
533.913,12,94,206639038
529.379,12,94,206739094
521.073,12,94,206839153
473.168,11,92,206939209
451.18,11,92,207039265
434.488,11,92,207139320
423.372,11,92,207239377
408.431,11,92,207339433
319.779,10,89,207439490
320.406,10,89,207539546
323.521,10,89,207639601
323.891,10,89,207739658
324.141,10,89,207839691
313.087,11,57,207939746
315.563,11,57,208039801
318.765,11,57,208139856
321.341,11,57,208239912
322.916,11,57,208339968
332.033,10,61,208440023
329.878,10,61,208540080
324.331,10,61,208640135
323.992,10,61,208740191
322.233,10,61,208840247
311.306,12,64,208940301
325.043,12,64,209040356
331.339,12,64,209140411
345.269,12,64,209240467
394.223,12,64,209340522
450.139,8,99,209440578
437.902,8,99,209540632
434.89,8,99,209640687
435.633,8,99,209740743
438.27,8,99,209840799
380.208,15,96,209940855
365.573,15,96,210040909
422.119,15,96,210140965
461.486,15,96,210241021
462.597,15,96,210341076
335.032,13,99,210441132
348.455,13,99,210541189
351.763,13,99,210641245
382.895,13,99,210741302
384.675,13,99,210841357
382.542,17,99,210941412
381.77,17,99,211041469
225.973,17,99,211141526
165.808,17,99,211241582
133.902,17,99,211341639
335.286,11,94,211441694
368.329,11,94,211541749
372.714,11,94,211641805
373.687,11,94,211741861
377.204,11,94,211841918
387.124,13,94,211941974
384.518,13,94,212042029
383.917,13,94,212142086
384.088,13,94,212242141
388.07,13,94,212342198
422.467,12,88,212442259
416.924,12,88,212542316
416.145,12,88,212642373
415.641,12,88,212742429
415.311,12,88,212842486
408.23,11,95,212942543
410.733,11,95,213042600
413.071,11,95,213142655
413.362,11,95,213242710
413.977,11,95,213342766
412.873,11,93,213442822
412.793,11,93,213542878
414.017,11,93,213642932
413.095,11,93,213742987
413.218,11,93,213843017
412.873,11,93,213943072
410.454,11,93,214043127
410.261,11,93,214143182
412.357,11,93,214243238
408.456,11,93,214343295
395.431,11,90,214443350
400.547,11,90,214543406
